# Created by Octave 7.1.0, Thu Oct 13 08:45:14 2022 CEST <tia@mpc1452.psi.ch>
# name: Z
# type: matrix
# rows: 2233
# columns: 1
 -1.1160000000000001
 -1.11499999820789
 -1.1139999964157701
 -1.1129999946236599
 -1.1119999928315401
 -1.1109999910394299
 -1.10999998924731
 -1.1089999874551999
 -1.10799998566308
 -1.1069999838709701
 -1.10599998207885
 -1.1049999802867401
 -1.1039999784946199
 -1.10299997670251
 -1.1019999749103899
 -1.10099997311828
 -1.0999999713261699
 -1.09899996953405
 -1.0979999677419401
 -1.09699996594982
 -1.0959999641577101
 -1.0949999623655899
 -1.09399996057348
 -1.0929999587813599
 -1.09199995698925
 -1.0909999551971299
 -1.08999995340502
 -1.0889999516129001
 -1.08799994982079
 -1.0869999480286701
 -1.0859999462365599
 -1.08499994444444
 -1.0839999426523299
 -1.08299994086022
 -1.0819999390681001
 -1.08099993727599
 -1.0799999354838701
 -1.0789999336917599
 -1.0779999318996401
 -1.0769999301075299
 -1.07599992831541
 -1.0749999265232999
 -1.07399992473118
 -1.0729999229390701
 -1.07199992114695
 -1.0709999193548401
 -1.0699999175627199
 -1.06899991577061
 -1.0679999139784999
 -1.06699991218638
 -1.0659999103942699
 -1.06499990860215
 -1.0639999068100401
 -1.06299990501792
 -1.0619999032258101
 -1.0609999014336899
 -1.05999989964158
 -1.0589998978494599
 -1.05799989605735
 -1.0569998942652299
 -1.05599989247312
 -1.0549998906810001
 -1.05399988888889
 -1.0529998870967701
 -1.0519998853046599
 -1.05099988351255
 -1.0499998817204299
 -1.04899987992832
 -1.0479998781362001
 -1.04699987634409
 -1.0459998745519701
 -1.0449998727598599
 -1.0439998709677401
 -1.0429998691756299
 -1.04199986738351
 -1.0409998655913999
 -1.03999986379928
 -1.0389998620071701
 -1.03799986021505
 -1.0369998584229401
 -1.0359998566308199
 -1.03499985483871
 -1.0339998530465999
 -1.03299985125448
 -1.0319998494623699
 -1.03099984767025
 -1.0299998458781401
 -1.02899984408602
 -1.0279998422939101
 -1.0269998405017899
 -1.02599983870968
 -1.0249998369175599
 -1.02399983512545
 -1.0229998333333301
 -1.02199983154122
 -1.0209998297491001
 -1.01999982795699
 -1.0189998261648801
 -1.0179998243727599
 -1.01699982258065
 -1.0159998207885299
 -1.01499981899642
 -1.0139998172043001
 -1.01299981541219
 -1.0119998136200701
 -1.0109998118279599
 -1.0099998100358401
 -1.0089998082437299
 -1.00799980645161
 -1.0069998046594999
 -1.00599980286738
 -1.0049998010752701
 -1.00399979928315
 -1.0029997974910401
 -1.0019997956989299
 -1.00099979390681
 -0.99999979211469503
 -0.99899979032258102
 -0.997999788530466
 -0.99699978673835099
 -0.99599978494623698
 -0.99499978315412196
 -0.99399978136200695
 -0.99299977956989205
 -0.99199977777777804
 -0.99099977598566302
 -0.98999977419354801
 -0.988999772401434
 -0.98799977060931898
 -0.98699976881720397
 -0.98599976702508996
 -0.98499976523297506
 -0.98399976344086004
 -0.98299976164874603
 -0.98199975985663102
 -0.980999758064516
 -0.97999975627240099
 -0.97899975448028698
 -0.97799975268817196
 -0.97699975089605695
 -0.97599974910394305
 -0.97499974731182804
 -0.97399974551971302
 -0.97299974372759901
 -0.971999741935484
 -0.97099974014336898
 -0.96999973835125497
 -0.96899973655913996
 -0.96799973476702506
 -0.96699973297491004
 -0.96599973118279603
 -0.96499972939068102
 -0.963999727598566
 -0.96299972580645199
 -0.96199972401433698
 -0.96099972222222196
 -0.95999972043010795
 -0.95899971863799305
 -0.95799971684587804
 -0.95699971505376302
 -0.95599971326164901
 -0.954999711469534
 -0.95399970967741898
 -0.95299970788530497
 -0.95199970609318996
 -0.95099970430107506
 -0.94999970250896104
 -0.94899970071684603
 -0.94799969892473102
 -0.946999697132617
 -0.94599969534050199
 -0.94499969354838698
 -0.94399969175627196
 -0.94299968996415795
 -0.94199968817204305
 -0.94099968637992804
 -0.93999968458781402
 -0.93899968279569901
 -0.937999681003584
 -0.93699967921146998
 -0.93599967741935497
 -0.93499967562723996
 -0.93399967383512505
 -0.93299967204301104
 -0.93199967025089603
 -0.93099966845878102
 -0.929999666666667
 -0.92899966487455199
 -0.92799966308243698
 -0.92699966129032296
 -0.92599965949820795
 -0.92499965770609305
 -0.92399965591397903
 -0.92299965412186402
 -0.92199965232974901
 -0.920999650537634
 -0.91999964874551998
 -0.91899964695340497
 -0.91799964516128996
 -0.91699964336917605
 -0.91599964157706104
 -0.91499963978494603
 -0.91399963799283201
 -0.912999636200717
 -0.91199963440860199
 -0.91099963261648698
 -0.90999963082437296
 -0.90899962903225795
 -0.90799962724014305
 -0.90699962544802903
 -0.90599962365591402
 -0.90499962186379901
 -0.903999620071685
 -0.90299961827956998
 -0.90199961648745497
 -0.90099961469534096
 -0.89999961290322605
 -0.89899961111111104
 -0.89799960931899603
 -0.89699960752688201
 -0.895999605734767
 -0.89499960394265199
 -0.89399960215053798
 -0.89299960035842296
 -0.89199959856630795
 -0.89099959677419405
 -0.88999959498207903
 -0.88899959318996402
 -0.88799959139784901
 -0.88699958960573499
 -0.88599958781361998
 -0.88499958602150497
 -0.88399958422939096
 -0.88299958243727605
 -0.88199958064516104
 -0.88099957885304703
 -0.87999957706093201
 -0.878999575268817
 -0.87799957347670299
 -0.87699957168458798
 -0.87599956989247296
 -0.87499956810035795
 -0.87399956630824405
 -0.87299956451612903
 -0.87199956272401402
 -0.87099956093190001
 -0.86999955913978499
 -0.86899955734766998
 -0.86799955555555597
 -0.86699955376344096
 -0.86599955197132605
 -0.86499955017921104
 -0.86399954838709703
 -0.86299954659498201
 -0.861999544802867
 -0.86099954301075299
 -0.85999954121863798
 -0.85899953942652296
 -0.85799953763440895
 -0.85699953584229405
 -0.85599953405017903
 -0.85499953225806502
 -0.85399953046595001
 -0.85299952867383499
 -0.85199952688171998
 -0.85099952508960597
 -0.84999952329749096
 -0.84899952150537605
 -0.84799951971326204
 -0.84699951792114703
 -0.84599951612903201
 -0.844999514336918
 -0.84399951254480299
 -0.84299951075268797
 -0.84199950896057396
 -0.84099950716845895
 -0.83999950537634405
 -0.83899950358422903
 -0.83799950179211502
 -0.83699950000000001
 -0.83599949820788499
 -0.83499949641577098
 -0.83399949462365597
 -0.83299949283154096
 -0.83199949103942705
 -0.83099948924731204
 -0.82999948745519703
 -0.82899948566308201
 -0.827999483870968
 -0.82699948207885299
 -0.82599948028673797
 -0.82499947849462396
 -0.82399947670250895
 -0.82299947491039405
 -0.82199947311828003
 -0.82099947132616502
 -0.81999946953405001
 -0.81899946774193599
 -0.81799946594982098
 -0.81699946415770597
 -0.81599946236559096
 -0.81499946057347705
 -0.81399945878136204
 -0.81299945698924703
 -0.81199945519713301
 -0.810999453405018
 -0.80999945161290299
 -0.80899944982078897
 -0.80799944802867396
 -0.80699944623655895
 -0.80599944444444405
 -0.80499944265233003
 -0.80399944086021502
 -0.80299943906810001
 -0.80199943727598599
 -0.80099943548387098
 -0.79999943369175597
 -0.79899943189964195
 -0.79799943010752705
 -0.79699942831541204
 -0.79599942652329803
 -0.79499942473118301
 -0.793999422939068
 -0.79299942114695299
 -0.79199941935483897
 -0.79099941756272396
 -0.78999941577060895
 -0.78899941397849505
 -0.78799941218638003
 -0.78699941039426502
 -0.78599940860215101
 -0.78499940681003599
 -0.78399940501792098
 -0.78299940322580597
 -0.78199940143369195
 -0.78099939964157705
 -0.77999939784946204
 -0.77899939605734803
 -0.77799939426523301
 -0.776999392473118
 -0.77599939068100399
 -0.77499938888888897
 -0.77399938709677396
 -0.77299938530465995
 -0.77199938351254505
 -0.77099938172043003
 -0.76999937992831502
 -0.76899937813620101
 -0.76799937634408599
 -0.76699937455197098
 -0.76599937275985697
 -0.76499937096774195
 -0.76399936917562705
 -0.76299936738351304
 -0.76199936559139803
 -0.76099936379928301
 -0.759999362007169
 -0.75899936021505399
 -0.75799935842293897
 -0.75699935663082396
 -0.75599935483870995
 -0.75499935304659505
 -0.75399935125448003
 -0.75299934946236602
 -0.75199934767025101
 -0.75099934587813599
 -0.74999934408602198
 -0.74899934229390697
 -0.74799934050179195
 -0.74699933870967705
 -0.74599933691756304
 -0.74499933512544803
 -0.74399933333333301
 -0.742999331541219
 -0.74199932974910399
 -0.74099932795698897
 -0.73999932616487496
 -0.73899932437275995
 -0.73799932258064505
 -0.73699932078853003
 -0.73599931899641602
 -0.73499931720430101
 -0.73399931541218599
 -0.73299931362007198
 -0.73199931182795697
 -0.73099931003584195
 -0.72999930824372805
 -0.72899930645161304
 -0.72799930465949803
 -0.72699930286738401
 -0.725999301075269
 -0.72499929928315399
 -0.72399929749103897
 -0.72299929569892496
 -0.72199929390680995
 -0.72099929211469505
 -0.71999929032258103
 -0.71899928853046602
 -0.71799928673835101
 -0.71699928494623699
 -0.71599928315412198
 -0.71499928136200697
 -0.71399927956989295
 -0.71299927777777805
 -0.71199927598566304
 -0.71099927419354803
 -0.70999927240143401
 -0.708999270609319
 -0.70799926881720399
 -0.70699926702508997
 -0.70599926523297496
 -0.70499926344085995
 -0.70399926164874504
 -0.70299925985663103
 -0.70199925806451602
 -0.70099925627240101
 -0.69999925448028699
 -0.69899925268817198
 -0.69799925089605697
 -0.69699924910394295
 -0.69599924731182805
 -0.69499924551971304
 -0.69399924372759902
 -0.69299924193548401
 -0.691999240143369
 -0.69099923835125399
 -0.68999923655913997
 -0.68899923476702496
 -0.68799923297490995
 -0.68699923118279604
 -0.68599922939068103
 -0.68499922759856602
 -0.683999225806452
 -0.68299922401433699
 -0.68199922222222198
 -0.68099922043010797
 -0.67999921863799295
 -0.67899921684587805
 -0.67799921505376304
 -0.67699921326164902
 -0.67599921146953401
 -0.674999209677419
 -0.67399920788530499
 -0.67299920609318997
 -0.67199920430107496
 -0.67099920250896095
 -0.66999920071684604
 -0.66899919892473103
 -0.66799919713261702
 -0.666999195340502
 -0.66599919354838699
 -0.66499919175627198
 -0.66399918996415797
 -0.66299918817204295
 -0.66199918637992805
 -0.66099918458781404
 -0.65999918279569902
 -0.65899918100358401
 -0.65799917921147
 -0.65699917741935498
 -0.65599917562723997
 -0.65499917383512596
 -0.65399917204301095
 -0.65299917025089604
 -0.65199916845878103
 -0.65099916666666702
 -0.649999164874552
 -0.64899916308243699
 -0.64799916129032298
 -0.64699915949820797
 -0.64599915770609295
 -0.64499915591397905
 -0.64399915412186404
 -0.64299915232974902
 -0.64199915053763401
 -0.64099914874552
 -0.63999914695340498
 -0.63899914516128997
 -0.63799914336917596
 -0.63699914157706095
 -0.63599913978494604
 -0.63499913799283203
 -0.63399913620071702
 -0.632999134408602
 -0.63199913261648699
 -0.63099913082437298
 -0.62999912903225797
 -0.62899912724014295
 -0.62799912544802905
 -0.62699912365591404
 -0.62599912186379902
 -0.62499912007168501
 -0.62399911827957
 -0.62299911648745498
 -0.62199911469534097
 -0.62099911290322596
 -0.61999911111111095
 -0.61899910931899604
 -0.61799910752688203
 -0.61699910573476702
 -0.615999103942652
 -0.61499910215053799
 -0.61399910035842298
 -0.61299909856630797
 -0.61199909677419395
 -0.61099909498207905
 -0.60999909318996404
 -0.60899909139784902
 -0.60799908960573501
 -0.60699908781362
 -0.60599908602150498
 -0.60499908422939097
 -0.60399908243727596
 -0.60299908064516095
 -0.60199907885304704
 -0.60099907706093203
 -0.59999907526881702
 -0.598999073476703
 -0.59799907168458799
 -0.59699906989247298
 -0.59599906810035896
 -0.59499906630824395
 -0.59399906451612905
 -0.59299906272401404
 -0.59199906093190002
 -0.59099905913978501
 -0.58999905734767
 -0.58899905555555598
 -0.58799905376344097
 -0.58699905197132596
 -0.58599905017921206
 -0.58499904838709704
 -0.58399904659498203
 -0.58299904480286702
 -0.581999043010753
 -0.58099904121863799
 -0.57999903942652298
 -0.57899903763440896
 -0.57799903584229395
 -0.57699903405017905
 -0.57599903225806404
 -0.57499903046595002
 -0.57399902867383501
 -0.57299902688172
 -0.57199902508960598
 -0.57099902329749097
 -0.56999902150537596
 -0.56899901971326206
 -0.56799901792114704
 -0.56699901612903203
 -0.56599901433691802
 -0.564999012544803
 -0.56399901075268799
 -0.56299900896057398
 -0.56199900716845896
 -0.56099900537634395
 -0.55999900358422905
 -0.55899900179211504
 -0.55799900000000002
 -0.55699899820788501
 -0.555998996415771
 -0.55499899462365598
 -0.55399899283154097
 -0.55299899103942696
 -0.55199898924731206
 -0.55099898745519704
 -0.54999898566308203
 -0.54899898387096802
 -0.547998982078853
 -0.54699898028673799
 -0.54599897849462398
 -0.54499897670250896
 -0.54399897491039395
 -0.54299897311828005
 -0.54199897132616504
 -0.54099896953405002
 -0.53999896774193501
 -0.538998965949821
 -0.53799896415770598
 -0.53699896236559097
 -0.53599896057347696
 -0.53499895878136206
 -0.53399895698924704
 -0.53299895519713303
 -0.53199895340501802
 -0.530998951612903
 -0.52999894982078899
 -0.52899894802867398
 -0.52799894623655896
 -0.52699894444444495
 -0.52599894265233005
 -0.52499894086021504
 -0.52399893906810002
 -0.52299893727598601
 -0.521998935483871
 -0.52099893369175598
 -0.51999893189964197
 -0.51899893010752696
 -0.51799892831541205
 -0.51699892652329704
 -0.51599892473118303
 -0.51499892293906802
 -0.513998921146953
 -0.51299891935483899
 -0.51199891756272398
 -0.51099891577060896
 -0.50999891397849495
 -0.50899891218638005
 -0.50799891039426504
 -0.50699890860215102
 -0.50599890681003601
 -0.504998905017921
 -0.50399890322580698
 -0.50299890143369197
 -0.50199889964157696
 -0.50099889784946205
 -0.49999889605734799
 -0.49899889426523297
 -0.49799889247311802
 -0.496998890681004
 -0.49599888888888899
 -0.49499888709677398
 -0.49399888530466002
 -0.49299888351254501
 -0.49199888172042999
 -0.49099887992831498
 -0.48999887813620102
 -0.48899887634408601
 -0.487998874551971
 -0.48699887275985698
 -0.48599887096774202
 -0.48499886917562701
 -0.483998867383513
 -0.48299886559139799
 -0.48199886379928297
 -0.48099886200716802
 -0.479998860215054
 -0.47899885842293899
 -0.47799885663082398
 -0.47699885483871002
 -0.47599885304659501
 -0.47499885125447999
 -0.47399884946236598
 -0.47299884767025102
 -0.47199884587813601
 -0.47099884408602199
 -0.46999884229390698
 -0.46899884050179202
 -0.46799883870967801
 -0.466998836917563
 -0.46599883512544799
 -0.46499883333333297
 -0.46399883154121901
 -0.462998829749104
 -0.46199882795698899
 -0.46099882616487498
 -0.45999882437276002
 -0.45899882258064501
 -0.45799882078852999
 -0.45699881899641598
 -0.45599881720430102
 -0.45499881541218601
 -0.45399881362007199
 -0.45299881182795698
 -0.45199881003584202
 -0.45099880824372801
 -0.449998806451613
 -0.44899880465949799
 -0.44799880286738297
 -0.44699880107526901
 -0.445998799283154
 -0.44499879749103999
 -0.44399879569892498
 -0.44299879390681002
 -0.441998792114695
 -0.44099879032258099
 -0.43999878853046598
 -0.43899878673835102
 -0.43799878494623701
 -0.43699878315412199
 -0.43599878136200698
 -0.43499877956989302
 -0.43399877777777801
 -0.432998775985663
 -0.43199877419354799
 -0.43099877240143403
 -0.42999877060931901
 -0.428998768817204
 -0.42799876702508999
 -0.42699876523297497
 -0.42599876344086002
 -0.424998761648746
 -0.42399875985663099
 -0.42299875806451598
 -0.42199875627240102
 -0.42099875448028701
 -0.41999875268817199
 -0.41899875089605698
 -0.41799874910394302
 -0.41699874731182801
 -0.415998745519713
 -0.41499874372759898
 -0.41399874193548403
 -0.41299874014336901
 -0.411998738351255
 -0.41099873655913999
 -0.40999873476702497
 -0.40899873297491002
 -0.407998731182796
 -0.40699872939068099
 -0.40599872759856598
 -0.40499872580645202
 -0.40399872401433701
 -0.40299872222222199
 -0.40199872043010798
 -0.40099871863799302
 -0.39999871684587801
 -0.398998715053764
 -0.39799871326164898
 -0.39699871146953403
 -0.39599870967741901
 -0.394998707885305
 -0.39399870609318999
 -0.39299870430107497
 -0.39199870250896102
 -0.390998700716846
 -0.38999869892473099
 -0.38899869713261598
 -0.38799869534050202
 -0.38699869354838701
 -0.38599869175627199
 -0.38499868996415798
 -0.38399868817204302
 -0.38299868637992801
 -0.381998684587814
 -0.38099868279569898
 -0.37999868100358403
 -0.37899867921147001
 -0.377998677419355
 -0.37699867562723999
 -0.37599867383512597
 -0.37499867204301102
 -0.373998670250896
 -0.37299866845878099
 -0.37199866666666698
 -0.37099866487455202
 -0.36999866308243701
 -0.36899866129032299
 -0.36799865949820798
 -0.36699865770609302
 -0.36599865591397901
 -0.364998654121864
 -0.36399865232974898
 -0.36299865053763403
 -0.36199864874552001
 -0.360998646953405
 -0.35999864516128999
 -0.35899864336917597
 -0.35799864157706102
 -0.356998639784946
 -0.35599863799283099
 -0.35499863620071698
 -0.35399863440860202
 -0.35299863261648701
 -0.35199863082437299
 -0.35099862903225798
 -0.34999862724014302
 -0.34899862544802901
 -0.347998623655914
 -0.34699862186379898
 -0.34599862007168503
 -0.34499861827957001
 -0.343998616487455
 -0.34299861469534099
 -0.34199861290322597
 -0.34099861111111102
 -0.339998609318997
 -0.33899860752688199
 -0.33799860573476698
 -0.33699860394265202
 -0.33599860215053801
 -0.33499860035842299
 -0.33399859856630798
 -0.33299859677419402
 -0.33199859498207901
 -0.330998593189964
 -0.32999859139784898
 -0.32899858960573503
 -0.32799858781362001
 -0.326998586021505
 -0.32599858422939099
 -0.32499858243727597
 -0.32399858064516102
 -0.322998578853047
 -0.32199857706093199
 -0.32099857526881698
 -0.31999857347670302
 -0.31899857168458801
 -0.31799856989247299
 -0.31699856810035898
 -0.31599856630824402
 -0.31499856451612901
 -0.313998562724014
 -0.31299856093189998
 -0.31199855913978503
 -0.31099855734767001
 -0.309998555555556
 -0.30899855376344099
 -0.30799855197132597
 -0.30699855017921202
 -0.305998548387097
 -0.30499854659498199
 -0.30399854480286698
 -0.30299854301075302
 -0.30199854121863801
 -0.30099853942652299
 -0.29999853763440898
 -0.29899853584229402
 -0.29799853405017901
 -0.296998532258065
 -0.29599853046594998
 -0.29499852867383503
 -0.29399852688172001
 -0.292998525089606
 -0.29199852329749099
 -0.29099852150537597
 -0.28999851971326202
 -0.288998517921147
 -0.28799851612903199
 -0.28699851433691798
 -0.28599851254480302
 -0.28499851075268801
 -0.28399850896057399
 -0.28299850716845898
 -0.28199850537634402
 -0.28099850358422901
 -0.279998501792115
 -0.27899849999999998
 -0.27799849820788503
 -0.27699849641577101
 -0.275998494623656
 -0.27499849283154099
 -0.27399849103942697
 -0.27299848924731202
 -0.271998487455197
 -0.27099848566308199
 -0.26999848387096798
 -0.26899848207885302
 -0.26799848028673801
 -0.26699847849462399
 -0.26599847670250898
 -0.26499847491039402
 -0.26399847311828001
 -0.262998471326165
 -0.26199846953404998
 -0.26099846774193503
 -0.25999846594982101
 -0.258998464157706
 -0.25799846236559099
 -0.25699846057347697
 -0.25599845878136201
 -0.254998456989247
 -0.25399845519713299
 -0.25299845340501798
 -0.25199845161290302
 -0.250998449820789
 -0.24999844802867399
 -0.24899844623655901
 -0.24799844444444499
 -0.24699844265233001
 -0.245998440860215
 -0.24499843906810001
 -0.243998437275986
 -0.24299843548387101
 -0.241998433691756
 -0.24099843189964201
 -0.239998430107527
 -0.23899842831541199
 -0.237998426523298
 -0.23699842473118299
 -0.235998422939068
 -0.23499842114695299
 -0.233998419354839
 -0.23299841756272399
 -0.23199841577060901
 -0.23099841397849499
 -0.22999841218638001
 -0.228998410394265
 -0.22799840860215101
 -0.226998406810036
 -0.22599840501792101
 -0.224998403225807
 -0.22399840143369201
 -0.222998399641577
 -0.22199839784946199
 -0.220998396057348
 -0.21999839426523299
 -0.218998392473118
 -0.21799839068100399
 -0.216998388888889
 -0.21599838709677399
 -0.21499838530466001
 -0.21399838351254499
 -0.21299838172043001
 -0.21199837992831599
 -0.21099837813620101
 -0.209998376344086
 -0.20899837455197101
 -0.207998372759857
 -0.20699837096774201
 -0.205998369175627
 -0.20499836738351301
 -0.203998365591398
 -0.20299836379928299
 -0.201998362007168
 -0.20099836021505399
 -0.199998358422939
 -0.19899835663082399
 -0.19799835483871001
 -0.19699835304659499
 -0.19599835125448001
 -0.19499834946236599
 -0.19399834767025101
 -0.192998345878136
 -0.19199834408602201
 -0.190998342293907
 -0.18999834050179201
 -0.188998338709677
 -0.18799833691756301
 -0.186998335125448
 -0.18599833333333299
 -0.184998331541219
 -0.18399832974910399
 -0.182998327956989
 -0.18199832616487499
 -0.18099832437276001
 -0.17999832258064499
 -0.17899832078853001
 -0.17799831899641599
 -0.17699831720430101
 -0.175998315412186
 -0.17499831362007201
 -0.173998311827957
 -0.17299831003584201
 -0.171998308243728
 -0.17099830645161301
 -0.169998304659498
 -0.16899830286738399
 -0.167998301075269
 -0.16699829928315399
 -0.165998297491039
 -0.16499829569892499
 -0.16399829390681001
 -0.16299829211469499
 -0.16199829032258101
 -0.16099828853046599
 -0.15999828673835101
 -0.158998284946237
 -0.15799828315412201
 -0.156998281362007
 -0.15599827956989301
 -0.154998277777778
 -0.15399827598566301
 -0.152998274193548
 -0.15199827240143399
 -0.150998270609319
 -0.14999826881720399
 -0.14899826702509
 -0.14799826523297499
 -0.14699826344086001
 -0.14599826164874599
 -0.14499825985663101
 -0.14399825806451599
 -0.14299825627240101
 -0.141998254480287
 -0.14099825268817201
 -0.139998250896057
 -0.13899824910394301
 -0.137998247311828
 -0.13699824551971301
 -0.135998243727599
 -0.13499824193548399
 -0.133998240143369
 -0.13299823835125499
 -0.13199823655914
 -0.13099823476702499
 -0.12999823297491001
 -0.12899823118279599
 -0.12799822939068101
 -0.12699822759856599
 -0.12599822580645201
 -0.12499822401433699
 -0.123998222222222
 -0.122998220430108
 -0.121998218637993
 -0.120998216845878
 -0.119998215053763
 -0.118998213261649
 -0.117998211469534
 -0.116998209677419
 -0.11599820788531
 -0.11499820609319
 -0.11399820430108
 -0.11299820250897
 -0.11199820071685
 -0.11099819892474
 -0.10999819713262
 -0.10899819534051
 -0.10799819354839001
 -0.10699819175628
 -0.10599818996415999
 -0.10499818817205001
 -0.10399818637993
 -0.10299818458781999
 -0.1019981827957
 -0.10099818100359
 -0.099998179211470098
 -0.098998177419359998
 -0.0979981756272401
 -0.096998173835130194
 -0.095998172043020094
 -0.094998170250900196
 -0.093998168458790096
 -0.092998166666670198
 -0.091998164874560001
 -0.090998163082440103
 -0.089998161290330003
 -0.088998159498210105
 -0.0879981577061002
 -0.086998155913980094
 -0.085998154121870202
 -0.084998152329749999
 -0.083998150537640107
 -0.082998148745520001
 -0.081998146953410095
 -0.080998145161290003
 -0.079998143369180097
 -0.078998141577070205
 -0.077998139784950099
 -0.076998137992840193
 -0.075998136200720004
 -0.074998134408610098
 -0.073998132616490006
 -0.0729981308243801
 -0.071998129032259994
 -0.070998127240150102
 -0.069998125448030205
 -0.068998123655920104
 -0.067998121863800207
 -0.066998120071689996
 -0.065998118279570098
 -0.064998116487459998
 -0.063998114695350106
 -0.062998112903230194
 -0.061998111111120101
 -0.060998109319000203
 -0.059998107526890103
 -0.058998105734770198
 -0.057998103942660001
 -0.056998102150540103
 -0.055998100358430003
 -0.054998098566310098
 -0.053998096774200199
 -0.0529980949820801
 -0.051998093189970201
 -0.050998091397850102
 -0.049998089605740197
 -0.04899808781362
 -0.047998086021510102
 -0.046998084229400001
 -0.045998082437280097
 -0.044998080645170198
 -0.043998078853050099
 -0.0429980770609402
 -0.041998075268819997
 -0.040998073476710098
 -0.039998071684589999
 -0.0389980698924801
 -0.037998068100360001
 -0.036998066308250102
 -0.035998064516130197
 -0.034998062724020097
 -0.033998060931900199
 -0.032998059139790002
 -0.031998057347670097
 -0.030998055555560001
 -0.029998053763450098
 -0.028998051971330201
 -0.027998050179220101
 -0.026998048387100199
 -0.025998046594990099
 -0.024998044802870201
 -0.023998043010760001
 -0.022998041218640099
 -0.021998039426529999
 -0.020998037634410101
 -0.019998035842300199
 -0.0189980340501801
 -0.017998032258070201
 -0.016998030465950099
 -0.015998028673840099
 -0.01499802688172
 -0.0139980250896101
 -0.0129980232975
 -0.0119980215053801
 -0.010998019713270199
 -0.0099980179211500708
 -0.0089980161290401702
 -0.0079980143369200504
 -0.0069980125448101402
 -0.0059980107526900204
 -0.0049980089605801102
 -0.0039980071684599904
 -0.0029980053763500902
 -0.0019980035842301902
 -0.00099800179212006191
 1.9999999998354701e-06
 0.0010020017921099601
 0.00200200358421987
 0.0030020053763399899
 0.0040020071684499
 0.00500200896056979
 0.0060020107526799196
 0.00700201254479982
 0.0080020143369099496
 0.0090020161290298405
 0.01000201792114
 0.011002019713259901
 0.012002021505369999
 0.0130020232974899
 0.014002025089599799
 0.0150020268817199
 0.016002028673829799
 0.017002030465949901
 0.018002032258059901
 0.019002034050170001
 0.020002035842289899
 0.021002037634399999
 0.0220020394265199
 0.023002041218629799
 0.024002043010749902
 0.025002044802859801
 0.02600204659498
 0.027002048387089899
 0.028002050179210002
 0.0290020519713199
 0.030002053763439999
 0.031002055555549898
 0.032002057347669803
 0.033002059139779903
 0.034002060931899801
 0.035002062724009998
 0.036002064516119897
 0.037002066308240003
 0.038002068100349902
 0.0390020698924698
 0.0400020716845799
 0.041002073476699798
 0.042002075268809898
 0.043002077060929803
 0.04400207885304
 0.045002080645159898
 0.046002082437269998
 0.047002084229389902
 0.048002086021499801
 0.0490020878136199
 0.050002089605729799
 0.051002091397840003
 0.052002093189959901
 0.053002094982070001
 0.054002096774189899
 0.055002098566299999
 0.056002100358419897
 0.057002102150529803
 0.058002103942649902
 0.059002105734759801
 0.060002107526879997
 0.061002109318989903
 0.062002111111110002
 0.063002112903219901
 0.064002114695340007
 0.065002116487449899
 0.066002118279569796
 0.067002120071679896
 0.068002121863789802
 0.069002123655910005
 0.070002125448019897
 0.071002127240140003
 0.072002129032249895
 0.073002130824369807
 0.074002132616479893
 0.075002134408599805
 0.076002136200709905
 0.077002137992829803
 0.07800213978494
 0.079002141577059898
 0.080002143369169998
 0.081002145161289896
 0.082002146953399802
 0.083002148745519894
 0.084002150537629799
 0.0850021523297399
 0.086002154121859894
 0.087002155913969995
 0.088002157706089906
 0.089002159498200006
 0.090002161290319904
 0.091002163082429796
 0.092002164874549902
 0.093002166666659794
 0.094002168458779997
 0.095002170250889903
 0.096002172043009995
 0.097002173835119901
 0.098002175627240007
 0.099002177419349899
 0.10000217921146
 0.10100218100357999
 0.10200218279569
 0.10300218458781001
 0.10400218637991999
 0.10500218817204
 0.10600218996415001
 0.10700219175627
 0.10800219354838
 0.1090021953405
 0.11000219713261
 0.11100219892473
 0.11200220071684
 0.11300220250896
 0.11400220430107
 0.11500220609318999
 0.1160022078853
 0.11700220967741
 0.11800221146952999
 0.11900221326164
 0.12000221505376001
 0.12100221684586999
 0.12200221863799
 0.12300222043010001
 0.12400222222222
 0.12500222401433
 0.12600222580645001
 0.12700222759856
 0.12800222939068001
 0.12900223118279
 0.13000223297491001
 0.13100223476702
 0.13200223655914001
 0.13300223835125
 0.13400224014336001
 0.13500224193547999
 0.13600224372759001
 0.13700224551970999
 0.13800224731182001
 0.13900224910393999
 0.14000225089605001
 0.14100225268816999
 0.14200225448028
 0.14300225627240001
 0.14400225806451
 0.14500225985663001
 0.14600226164874
 0.14700226344086001
 0.14800226523297
 0.14900226702509001
 0.1500022688172
 0.15100227060931001
 0.15200227240142999
 0.15300227419354001
 0.15400227598565999
 0.15500227777777001
 0.15600227956988999
 0.15700228136200001
 0.15800228315411999
 0.15900228494623
 0.16000228673835001
 0.16100228853046
 0.16200229032258001
 0.16300229211469
 0.16400229390681001
 0.16500229569892
 0.16600229749102999
 0.16700229928315
 0.16800230107526001
 0.16900230286737999
 0.17000230465949001
 0.17100230645160999
 0.17200230824372001
 0.17300231003583999
 0.17400231182795001
 0.17500231362006999
 0.17600231541218
 0.17700231720430001
 0.17800231899641
 0.17900232078853001
 0.18000232258064
 0.18100232437276001
 0.18200232616487
 0.18300232795697999
 0.1840023297491
 0.18500233154121001
 0.18600233333332999
 0.18700233512544001
 0.18800233691755999
 0.18900233870967001
 0.19000234050178999
 0.19100234229390001
 0.19200234408601999
 0.19300234587813
 0.19400234767025001
 0.19500234946236
 0.19600235125448001
 0.19700235304659
 0.19800235483871001
 0.19900235663082
 0.20000235842292999
 0.20100236021505
 0.20200236200716001
 0.20300236379927999
 0.20400236559139001
 0.20500236738350999
 0.20600236917562001
 0.20700237096773999
 0.20800237275985001
 0.20900237455196999
 0.21000237634408001
 0.21100237813619999
 0.21200237992831
 0.21300238172043001
 0.21400238351254
 0.21500238530464999
 0.21600238709677
 0.21700238888887999
 0.218002390681
 0.21900239247311001
 0.22000239426522999
 0.22100239605734001
 0.22200239784945999
 0.22300239964157001
 0.22400240143368999
 0.22500240322580001
 0.22600240501791999
 0.22700240681003001
 0.22800240860214999
 0.22900241039426
 0.23000241218638001
 0.23100241397849
 0.23200241577059999
 0.23300241756272
 0.23400241935482999
 0.23500242114695
 0.23600242293906001
 0.23700242473117999
 0.23800242652329001
 0.23900242831540999
 0.24000243010752001
 0.24100243189963999
 0.24200243369175001
 0.24300243548386999
 0.24400243727598001
 0.24500243906809999
 0.24600244086021
 0.24700244265233001
 0.24800244444444
 0.24900244623654999
 0.25000244802867
 0.25100244982078002
 0.25200245161290002
 0.25300245340500999
 0.25400245519712999
 0.25500245698924001
 0.25600245878136002
 0.25700246057346998
 0.25800246236558999
 0.25900246415770001
 0.26000246594982002
 0.26100246774192998
 0.26200246953404999
 0.26300247132616
 0.26400247311828001
 0.26500247491038997
 0.26600247670249999
 0.26700247849462
 0.26800248028673002
 0.26900248207885002
 0.27000248387095999
 0.27100248566307999
 0.27200248745519001
 0.27300248924731002
 0.27400249103941998
 0.27500249283153999
 0.27600249462365001
 0.27700249641577002
 0.27800249820787998
 0.27900249999999999
 0.28000250179211
 0.28100250358422002
 0.28200250537633997
 0.28300250716844999
 0.28400250896057
 0.28500251075268002
 0.28600251254480002
 0.28700251433690999
 0.28800251612903
 0.28900251792114001
 0.29000251971326002
 0.29100252150536998
 0.29200252329748999
 0.29300252508960001
 0.29400252688172002
 0.29500252867382998
 0.29600253046594999
 0.29700253225806
 0.29800253405017002
 0.29900253584228997
 0.30000253763439999
 0.30100253942652
 0.30200254121863002
 0.30300254301075003
 0.30400254480285999
 0.30500254659498
 0.30600254838709001
 0.30700255017921002
 0.30800255197131998
 0.30900255376343999
 0.31000255555555001
 0.31100255734767002
 0.31200255913977998
 0.31300256093189999
 0.31400256272401
 0.31500256451612002
 0.31600256630823997
 0.31700256810034999
 0.31800256989247
 0.31900257168458002
 0.32000257347670003
 0.32100257526880999
 0.32200257706093
 0.32300257885304001
 0.32400258064516002
 0.32500258243726998
 0.32600258422938999
 0.32700258602150001
 0.32800258781362002
 0.32900258960572998
 0.33000259139783999
 0.33100259318996
 0.33200259498207002
 0.33300259677418997
 0.33400259856629999
 0.33500260035842
 0.33600260215053002
 0.33700260394265003
 0.33800260573475999
 0.33900260752688
 0.34000260931899001
 0.34100261111111002
 0.34200261290321998
 0.34300261469533999
 0.34400261648745001
 0.34500261827957002
 0.34600262007167998
 0.34700262186379
 0.34800262365591
 0.34900262544802002
 0.35000262724013997
 0.35100262903224999
 0.35200263082437
 0.35300263261648002
 0.35400263440860003
 0.35500263620070999
 0.35600263799283
 0.35700263978494001
 0.35800264157706002
 0.35900264336916998
 0.36000264516128999
 0.36100264695340001
 0.36200264874552002
 0.36300265053762998
 0.36400265232974
 0.36500265412186
 0.36600265591397002
 0.36700265770608997
 0.36800265949819999
 0.36900266129032
 0.37000266308243002
 0.37100266487455003
 0.37200266666665999
 0.37300266845878
 0.37400267025089001
 0.37500267204301002
 0.37600267383511998
 0.37700267562723999
 0.37800267741935001
 0.37900267921146003
 0.38000268100357998
 0.38100268279569
 0.38200268458781
 0.38300268637992002
 0.38400268817203997
 0.38500268996414999
 0.38600269175627
 0.38700269354838002
 0.38800269534050003
 0.38900269713260999
 0.39000269892473
 0.39100270071684001
 0.39200270250896002
 0.39300270430106998
 0.39400270609318999
 0.39500270788530001
 0.39600270967741003
 0.39700271146952998
 0.39800271326164
 0.39900271505376
 0.40000271684587002
 0.40100271863798997
 0.40200272043009999
 0.40300272222222
 0.40400272401433002
 0.40500272580645003
 0.40600272759855999
 0.40700272939068
 0.40800273118279001
 0.40900273297491002
 0.41000273476701998
 0.41100273655913999
 0.41200273835125001
 0.41300274014336003
 0.41400274193547998
 0.41500274372759
 0.41600274551971
 0.41700274731182002
 0.41800274910393997
 0.41900275089604999
 0.42000275268817
 0.42100275448028002
 0.42200275627240003
 0.42300275806450999
 0.42400275985663
 0.42500276164874001
 0.42600276344086002
 0.42700276523296998
 0.42800276702508999
 0.42900276881720001
 0.43000277060931003
 0.43100277240142998
 0.43200277419354
 0.43300277598566
 0.43400277777777002
 0.43500277956988997
 0.43600278136199999
 0.43700278315412
 0.43800278494623002
 0.43900278673835003
 0.44000278853045999
 0.44100279032258
 0.44200279211469001
 0.44300279390681002
 0.44400279569891998
 0.44500279749103
 0.44600279928315001
 0.44700280107526003
 0.44800280286737998
 0.44900280465949
 0.45000280645161
 0.45100280824372002
 0.45200281003583997
 0.45300281182794999
 0.45400281362007
 0.45500281541218002
 0.45600281720430003
 0.45700281899640999
 0.45800282078853
 0.45900282258064001
 0.46000282437276002
 0.46100282616486998
 0.46200282795698
 0.46300282974910001
 0.46400283154121003
 0.46500283333332998
 0.46600283512544
 0.46700283691756
 0.46800283870967002
 0.46900284050178997
 0.47000284229389999
 0.47100284408602
 0.47200284587813002
 0.47300284767025003
 0.47400284946235999
 0.47500285125448
 0.47600285304659001
 0.47700285483871002
 0.47800285663081998
 0.47900285842293
 0.48000286021505001
 0.48100286200716003
 0.48200286379927998
 0.48300286559139
 0.48400286738351
 0.48500286917562002
 0.48600287096773997
 0.48700287275984999
 0.48800287455197
 0.48900287634408002
 0.49000287813620003
 0.49100287992830999
 0.49200288172043
 0.49300288351254001
 0.49400288530464997
 0.49500288709676998
 0.49600288888888
 0.49700289068100001
 0.49800289247311003
 0.49900289426522998
 0.50000289605734005
 0.50100289784945995
 0.50200289964156997
 0.50300290143368998
 0.50400290322579999
 0.50500290501792
 0.50600290681003002
 0.50700290860215003
 0.50800291039426004
 0.50900291218638005
 0.51000291397848996
 0.51100291577059997
 0.51200291756271998
 0.51300291935483
 0.51400292114695001
 0.51500292293906003
 0.51600292473118003
 0.51700292652329005
 0.51800292831540995
 0.51900293010751997
 0.52000293189963998
 0.52100293369174999
 0.52200293548387
 0.52300293727598002
 0.52400293906810003
 0.52500294086021004
 0.52600294265233005
 0.52700294444443996
 0.52800294623654997
 0.52900294802866998
 0.53000294982078
 0.53100295161290001
 0.53200295340501003
 0.53300295519713004
 0.53400295698924005
 0.53500295878135995
 0.53600296057346997
 0.53700296236558998
 0.53800296415769999
 0.53900296594982
 0.54000296774193002
 0.54100296953405003
 0.54200297132616004
 0.54300297311828005
 0.54400297491038996
 0.54500297670249997
 0.54600297849461998
 0.54700298028673
 0.54800298207885001
 0.54900298387096003
 0.55000298566308004
 0.55100298745519005
 0.55200298924730995
 0.55300299103941997
 0.55400299283153998
 0.55500299462364999
 0.55600299641577
 0.55700299820788002
 0.55800300000000003
 0.55900300179211004
 0.56000300358421995
 0.56100300537633996
 0.56200300716844998
 0.56300300896056998
 0.56400301075268
 0.56500301254480001
 0.56600301433691003
 0.56700301612903004
 0.56800301792114005
 0.56900301971325995
 0.57000302150536997
 0.57100302329748998
 0.57200302508959999
 0.57300302688172
 0.57400302867383002
 0.57500303046595003
 0.57600303225806004
 0.57700303405016995
 0.57800303584228996
 0.57900303763439998
 0.58000303942651998
 0.58100304121863
 0.58200304301075001
 0.58300304480286003
 0.58400304659498004
 0.58500304838709005
 0.58600305017920995
 0.58700305197131997
 0.58800305376343998
 0.58900305555554999
 0.59000305734767
 0.59100305913978002
 0.59200306093190003
 0.59300306272401004
 0.59400306451611995
 0.59500306630823996
 0.59600306810034998
 0.59700306989246998
 0.59800307168458
 0.59900307347670001
 0.60000307526881003
 0.60100307706093004
 0.60200307885304005
 0.60300308064515995
 0.60400308243726997
 0.60500308422938998
 0.60600308602149999
 0.60700308781362
 0.60800308960573002
 0.60900309139784004
 0.61000309318996004
 0.61100309498206995
 0.61200309677418996
 0.61300309856629998
 0.61400310035841998
 0.61500310215053
 0.61600310394265001
 0.61700310573476003
 0.61800310752688004
 0.61900310931899005
 0.62000311111110995
 0.62100311290321997
 0.62200311469533998
 0.62300311648744999
 0.62400311827957
 0.62500312007168002
 0.62600312186379004
 0.62700312365591004
 0.62800312544801995
 0.62900312724013996
 0.63000312903224998
 0.63100313082436998
 0.63200313261648
 0.63300313440860001
 0.63400313620071003
 0.63500313799283004
 0.63600313978494005
 0.63700314157705995
 0.63800314336916997
 0.63900314516128998
 0.64000314695339999
 0.64100314874552
 0.64200315053763002
 0.64300315232974004
 0.64400315412186004
 0.64500315591396995
 0.64600315770608996
 0.64700315949819998
 0.64800316129031998
 0.64900316308243
 0.65000316487455001
 0.65100316666666003
 0.65200316845878004
 0.65300317025089005
 0.65400317204300995
 0.65500317383511997
 0.65600317562723998
 0.65700317741934999
 0.65800317921146001
 0.65900318100358002
 0.66000318279569004
 0.66100318458781004
 0.66200318637991995
 0.66300318817203996
 0.66400318996414998
 0.66500319175626998
 0.66600319354838
 0.66700319534050001
 0.66800319713261003
 0.66900319892473004
 0.67000320071684005
 0.67100320250895995
 0.67200320430106997
 0.67300320609318998
 0.67400320788529999
 0.67500320967741001
 0.67600321146953002
 0.67700321326164004
 0.67800321505376004
 0.67900321684586995
 0.68000321863798996
 0.68100322043009998
 0.68200322222221998
 0.68300322401433
 0.68400322580645001
 0.68500322759856003
 0.68600322939068004
 0.68700323118279005
 0.68800323297490995
 0.68900323476701997
 0.69000323655913998
 0.69100323835124999
 0.69200324014336001
 0.69300324193548002
 0.69400324372759004
 0.69500324551971004
 0.69600324731181995
 0.69700324910393996
 0.69800325089604998
 0.69900325268816998
 0.70000325448028
 0.70100325627240001
 0.70200325806451003
 0.70300325985663004
 0.70400326164874005
 0.70500326344085995
 0.70600326523296997
 0.70700326702508998
 0.70800326881719999
 0.70900327060931001
 0.71000327240143002
 0.71100327419354004
 0.71200327598566004
 0.71300327777776995
 0.71400327956988996
 0.71500328136199998
 0.71600328315411998
 0.71700328494623
 0.71800328673835001
 0.71900328853046003
 0.72000329032258004
 0.72100329211469005
 0.72200329390680995
 0.72300329569891997
 0.72400329749102998
 0.72500329928314999
 0.72600330107526001
 0.72700330286738002
 0.72800330465949004
 0.72900330645161004
 0.73000330824371995
 0.73100331003583996
 0.73200331182794998
 0.73300331362006999
 0.73400331541218
 0.73500331720430001
 0.73600331899641003
 0.73700332078853004
 0.73800332258064005
 0.73900332437275995
 0.74000332616486997
 0.74100332795697998
 0.74200332974909999
 0.74300333154121001
 0.74400333333333002
 0.74500333512544004
 0.74600333691756004
 0.74700333870966995
 0.74800334050178996
 0.74900334229389998
 0.75000334408601999
 0.75100334587813
 0.75200334767025001
 0.75300334946236003
 0.75400335125448004
 0.75500335304659005
 0.75600335483869996
 0.75700335663081997
 0.75800335842292998
 0.75900336021504999
 0.76000336200716001
 0.76100336379928002
 0.76200336559139004
 0.76300336738351004
 0.76400336917561995
 0.76500337096773996
 0.76600337275984998
 0.76700337455196999
 0.76800337634408
 0.76900337813620001
 0.77000337992831003
 0.77100338172043004
 0.77200338351254005
 0.77300338530464996
 0.77400338709676997
 0.77500338888887998
 0.77600339068099999
 0.77700339247311001
 0.77800339426523002
 0.77900339605734004
 0.78000339784946005
 0.78100339964156995
 0.78200340143368996
 0.78300340322579998
 0.78400340501791999
 0.78500340681003
 0.78600340860215001
 0.78700341039426003
 0.78800341218638004
 0.78900341397849005
 0.79000341577059996
 0.79100341756271997
 0.79200341935482999
 0.79300342114694999
 0.79400342293906001
 0.79500342473118002
 0.79600342652329004
 0.79700342831541005
 0.79800343010751995
 0.79900343189963996
 0.80000343369174998
 0.80100343548386999
 0.80200343727598
 0.80300343906810001
 0.80400344086021003
 0.80500344265233004
 0.80600344444444005
 0.80700344623654996
 0.80800344802866997
 0.80900344982077999
 0.81000345161289999
 0.81100345340501001
 0.81200345519713002
 0.81300345698924004
 0.81400345878136005
 0.81500346057346995
 0.81600346236558996
 0.81700346415769998
 0.81800346594981999
 0.81900346774193
 0.82000346953405001
 0.82100347132616003
 0.82200347311827004
 0.82300347491039005
 0.82400347670249996
 0.82500347849461997
 0.82600348028672999
 0.82700348207884999
 0.82800348387096001
 0.82900348566308002
 0.83000348745519004
 0.83100348924731005
 0.83200349103941995
 0.83300349283153996
 0.83400349462364998
 0.83500349641576999
 0.83600349820788
 0.83700350000000001
 0.83800350179211003
 0.83900350358422005
 0.84000350537634005
 0.84100350716844996
 0.84200350896056997
 0.84300351075267999
 0.84400351254479999
 0.84500351433691001
 0.84600351612903002
 0.84700351792114004
 0.84800351971326005
 0.84900352150536995
 0.85000352329748996
 0.85100352508959998
 0.85200352688171999
 0.85300352867383
 0.85400353046595001
 0.85500353225806003
 0.85600353405017005
 0.85700353584229005
 0.85800353763439996
 0.85900353942651997
 0.86000354121862999
 0.86100354301074999
 0.86200354480286001
 0.86300354659498002
 0.86400354838709004
 0.86500355017921005
 0.86600355197131995
 0.86700355376343996
 0.86800355555554998
 0.86900355734766999
 0.87000355913978
 0.87100356093190001
 0.87200356272401003
 0.87300356451612005
 0.87400356630824005
 0.87500356810034996
 0.87600356989246997
 0.87700357168457999
 0.87800357347669999
 0.87900357526881001
 0.88000357706093002
 0.88100357885304004
 0.88200358064516005
 0.88300358243726995
 0.88400358422938996
 0.88500358602149998
 0.88600358781361999
 0.88700358960573
 0.88800359139784002
 0.88900359318996003
 0.89000359498207005
 0.89100359677419005
 0.89200359856629996
 0.89300360035841997
 0.89400360215052999
 0.89500360394264999
 0.89600360573476001
 0.89700360752688002
 0.89800360931899004
 0.89900361111111005
 0.90000361290321995
 0.90100361469533996
 0.90200361648744998
 0.90300361827956999
 0.90400362007168
 0.90500362186379002
 0.90600362365591003
 0.90700362544802005
 0.90800362724014005
 0.90900362903224996
 0.91000363082436997
 0.91100363261647999
 0.91200363440859999
 0.91300363620071001
 0.91400363799283002
 0.91500363978494004
 0.91600364157706005
 0.91700364336916995
 0.91800364516128996
 0.91900364695339998
 0.92000364874551999
 0.92100365053763
 0.92200365232974002
 0.92300365412186003
 0.92400365591397005
 0.92500365770609005
 0.92600365949819996
 0.92700366129031997
 0.92800366308242999
 0.92900366487454999
 0.93000366666666001
 0.93100366845878002
 0.93200367025089004
 0.93300367204301005
 0.93400367383511995
 0.93500367562723996
 0.93600367741934998
 0.93700367921146999
 0.93800368100358
 0.93900368279569002
 0.94000368458781003
 0.94100368637992005
 0.94200368817204005
 0.94300368996414996
 0.94400369175626997
 0.94500369354837999
 0.94600369534049999
 0.94700369713261001
 0.94800369892473002
 0.94900370071684004
 0.95000370250896005
 0.95100370430106995
 0.95200370609318996
 0.95300370788529998
 0.95400370967740999
 0.95500371146953
 0.95600371326164002
 0.95700371505376003
 0.95800371684587005
 0.95900371863799005
 0.96000372043009996
 0.96100372222221997
 0.96200372401432999
 0.96300372580644999
 0.96400372759856001
 0.96500372939068002
 0.96600373118279004
 0.96700373297491005
 0.96800373476701995
 0.96900373655913996
 0.97000373835124998
 0.97100374014335999
 0.97200374193548
 0.97300374372759002
 0.97400374551971003
 0.97500374731182005
 0.97600374910394005
 0.97700375089604996
 0.97800375268816997
 0.97900375448027999
 0.9800037562724
 0.98100375806451001
 0.98200375985663002
 0.98300376164874004
 0.98400376344086005
 0.98500376523296995
 0.98600376702508996
 0.98700376881719998
 0.98800377060930999
 0.98900377240143
 0.99000377419354002
 0.99100377598566003
 0.99200377777777005
 0.99300377956989005
 0.99400378136199996
 0.99500378315411997
 0.99600378494622999
 0.99700378673835
 0.99800378853046001
 0.99900379032258002
 1.00000379211469
 1.0010037939068099
 1.0020037956989201
 1.00300379749104
 1.0040037992831501
 1.00500380107526
 1.0060038028673799
 1.00700380465949
 1.0080038064516099
 1.00900380824372
 1.0100038100358399
 1.0110038118279501
 1.01200381362007
 1.0130038154121801
 1.0140038172043
 1.0150038189964099
 1.01600382078853
 1.0170038225806399
 1.01800382437276
 1.01900382616487
 1.0200038279569801
 1.0210038297491
 1.0220038315412101
 1.02300383333333
 1.0240038351254399
 1.02500383691756
 1.0260038387096699
 1.0270038405017901
 1.0280038422939
 1.0290038440860201
 1.03000384587813
 1.0310038476702501
 1.03200384946236
 1.0330038512544799
 1.03400385304659
 1.0350038548386999
 1.0360038566308201
 1.03700385842293
 1.0380038602150501
 1.03900386200716
 1.0400038637992799
 1.04100386559139
 1.0420038673835099
 1.04300386917562
 1.0440038709677399
 1.0450038727598501
 1.04600387455197
 1.0470038763440801
 1.0480038781362
 1.0490038799283099
 1.05000388172043
 1.0510038835125399
 1.0520038853046501
 1.05300388709677
 1.0540038888888801
 1.055003890681
 1.0560038924731101
 1.05700389426523
 1.0580038960573399
 1.05900389784946
 1.0600038996415699
 1.0610039014336901
 1.0620039032258
 1.0630039050179201
 1.06400390681003
 1.0650039086021501
 1.06600391039426
 1.0670039121863799
 1.06800391397849
 1.0690039157705999
 1.0700039175627201
 1.07100391935483
 1.0720039211469501
 1.07300392293906
 1.0740039247311799
 1.07500392652329
 1.0760039283154099
 1.07700393010752
 1.0780039318996399
 1.0790039336917501
 1.08000393548387
 1.0810039372759801
 1.0820039390681
 1.0830039408602099
 1.08400394265233
 1.0850039444444399
 1.0860039462365501
 1.08700394802867
 1.0880039498207801
 1.0890039516129
 1.0900039534050101
 1.09100395519713
 1.0920039569892399
 1.09300395878136
 1.0940039605734699
 1.0950039623655901
 1.0960039641577
 1.0970039659498201
 1.09800396774193
 1.0990039695340501
 1.10000397132616
 1.1010039731182699
 1.10200397491039
 1.1030039767024999
 1.1040039784946201
 1.10500398028673
 1.1060039820788501
 1.10700398387096
 1.1080039856630799
 1.10900398745519
 1.1100039892473099
 1.11100399103942
 1.1120039928315399
 1.1130039946236501
 1.11400399641577
 1.1150039982078801
 1.116004


# name: Bz
# type: matrix
# rows: 2233
# columns: 1
 0.0014790150204035399
 0.0014828203275904399
 0.0014865514018026699
 0.0014902876323747401
 0.0014940290191790199
 0.0014977755621279501
 0.0015015432062976499
 0.0015053231573928501
 0.0015091139642615301
 0.00151291562690023
 0.00151672814530892
 0.0015205604847329101
 0.0015244059245519399
 0.0015282622892278
 0.0015321295787604401
 0.00153600779314999
 0.0015399015879519599
 0.0015438086646223799
 0.0015477271602853701
 0.0015516570749408601
 0.0015555984085889501
 0.00155955829591798
 0.0015635340857841401
 0.0015675211611091201
 0.00157151952189281
 0.0015755291681353199
 0.0015795536422719401
 0.0015835932767886401
 0.0015876448314750501
 0.0015917083063310699
 0.0015957837013567699
 0.00159987600848145
 0.00160398723750582
 0.00160811024231428
 0.00161224502290669
 0.00161639157928312
 0.0016205521274196501
 0.0016247297093826599
 0.0016289197291175399
 0.0016331221866241301
 0.00163733708190249
 0.0016415671538262701
 0.0016458194466559899
 0.0016500840079001499
 0.0016543608375586001
 0.0016586499356313401
 0.0016629521871517399
 0.0016672736285049301
 0.0016716080044681799
 0.0016759553150412999
 0.0016803155602242901
 0.0016846890224687099
 0.0016890883940337701
 0.0016935005393469899
 0.0016979254584081401
 0.00170236315121718
 0.0017068136177743401
 0.0017112843024351401
 0.0017157690792277999
 0.0017202673575808199
 0.00172477913749415
 0.00172930441896797
 0.00173385458587174
 0.0017384205273354499
 0.0017429998225361499
 0.0017475924714737601
 0.0017521984741484501
 0.00175682372207134
 0.00176146527725288
 0.0017661210510295201
 0.0017707910434011701
 0.0017754752543679699
 0.0017801825682682701
 0.0017849090054127101
 0.00178964926706937
 0.0017944033532381501
 0.0017991712639193599
 0.0018039589177273501
 0.00180876542828544
 0.00181358552917868
 0.00181841922040985
 0.0018232665019869199
 0.00182812900167284
 0.0018330121009178899
 0.0018379156046567601
 0.0018428395128847301
 0.00184778382559888
 0.0018527485427980101
 0.0018577336644827599
 0.0018627424638998399
 0.00186776501303102
 0.0018727972573959501
 0.0018778391969939199
 0.00188289083182511
 0.0018879521618905401
 0.00189302318719213
 0.0018981304378966699
 0.00190326371586805
 0.00190841763203046
 0.0019135921863836401
 0.00191878737892741
 0.00192400320966168
 0.0019292396785864901
 0.00193450283272111
 0.00193977633968654
 0.0019450600785923999
 0.00195035404943842
 0.0019556582522252102
 0.0019609726869541698
 0.0019663028599040799
 0.00197167615753384
 0.00197707133088361
 0.0019824883799530201
 0.0019879273047418099
 0.0019933881052498401
 0.00199887078147705
 0.0020043789137546299
 0.00200990782560163
 0.00201544762172967
 0.0020209983021379002
 0.0020265598668264
 0.0020321323157961499
 0.0020377156490490001
 0.0020433292168322401
 0.00204897938621822
 0.00205465279976413
 0.0020603494574696298
 0.00206606935933446
 0.0020718125053585099
 0.0020775788955417602
 0.0020833746710015098
 0.0020891858552784799
 0.0020950085976358698
 0.0021008428980731401
 0.00210668875659072
 0.0021125461731900299
 0.0021184151478734099
 0.0021243325536972201
 0.00213027748078165
 0.0021362470620489198
 0.0021422412974987201
 0.0021482601871308299
 0.0021543037309451601
 0.0021603732207540502
 0.00216647215526537
 0.0021725833622371401
 0.0021787068416681101
 0.0021848425935580801
 0.00219099061790793
 0.0021971509147196001
 0.0022033344186713202
 0.0022095665571753298
 0.0022158249330463601
 0.0022221095462839299
 0.0022284203968877402
 0.0022347574848575998
 0.0022411208101934602
 0.0022475156131659601
 0.00225393288012772
 0.00226036323071351
 0.0022668066649224102
 0.0022732631827546302
 0.0022797327842115299
 0.00228621546929562
 0.0022927397333103602
 0.00229930428859386
 0.0023058967138894098
 0.0023125170091965598
 0.0023191651745150402
 0.0023258412098447101
 0.00233254511518555
 0.0023392849561526602
 0.0023460412422389699
 0.0023528113256116802
 0.0023595952062702599
 0.0023663928842154402
 0.0023732043594492302
 0.0023800307051271602
 0.00238691937552906
 0.0023938378260717299
 0.0024007860567543098
 0.0024077640675762299
 0.00241477185853726
 0.0024218094296374602
 0.00242888010173354
 0.00243598282442388
 0.0024430985776801302
 0.0024502273614965099
 0.0024573691758713401
 0.0024645240208070402
 0.00247169189631016
 0.0024789098024406999
 0.0024862034401197902
 0.0024935191564581598
 0.00250085695145601
 0.0025082168251137002
 0.0025155987774317201
 0.0025230028084106898
 0.0025304345783155801
 0.0025379029279098101
 0.0025453952818577999
 0.0025529116401591498
 0.0025604520028137999
 0.00256801636982201
 0.00257560474118436
 0.00258322678949597
 0.0025909121013946998
 0.0025986233307910001
 0.0026063604776846699
 0.0026141235420756698
 0.0026219125239640702
 0.0026297274233500799
 0.0026375699529684799
 0.0026454527542583901
 0.0026533611822364498
 0.0026612952369017701
 0.002669254918254
 0.00267724022629331
 0.0026852511610203798
 0.0026932881582405902
 0.00270140179602166
 0.0027095432340678298
 0.0027177124723788801
 0.0027259095109547298
 0.00273413434979545
 0.0027423869889012299
 0.0027506674282724301
 0.0027589910769277
 0.0027673436215938998
 0.0027757235528416101
 0.0027841308706703302
 0.0027925655750801301
 0.0028010276660716399
 0.0028095171436460999
 0.0028180788528741701
 0.0028266802601835499
 0.0028353113942860102
 0.0028439722551814399
 0.00285266284286988
 0.0028613831573515202
 0.0028701331986267101
 0.0028789260509108198
 0.00288775342470765
 0.0028966101242079898
 0.0029054961494111801
 0.0029144115003171601
 0.0029233561769265301
 0.0029323301792405099
 0.0029413699140468101
 0.0029504632087440801
 0.0029595883264013998
 0.00296874526701862
 0.0029779340305957501
 0.0029871546171329698
 0.00299640702663063
 0.0030057014828959801
 0.00301503674228757
 0.00302440343185304
 0.0030338015515915199
 0.00304323110150284
 0.0030526920815875098
 0.0030621844918467399
 0.00307173502571567
 0.00308135467706881
 0.0030910084399471999
 0.0031006963143506601
 0.0031104183002791802
 0.0031201743977329198
 0.0031299646067122198
 0.0031397958223329898
 0.0031496748476810099
 0.0031595875729981799
 0.00316953399828339
 0.0031795141235362902
 0.0031895279487573198
 0.0031995754739476499
 0.0032096722861222802
 0.0032198557283725799
 0.0032300757484926101
 0.0032403323464821302
 0.0032506255223410802
 0.0032609552760696002
 0.0032713216076680099
 0.00328172757818714
 0.0032921892368195601
 0.0033026870702105898
 0.0033132210783588501
 0.00332379126126382
 0.0033343976189257902
 0.0033450401513458899
 0.0033557216956713598
 0.0033665095170658799
 0.00337733656580019
 0.0033882028418739801
 0.0033991083452871501
 0.00341005307603979
 0.0034210370341321902
 0.0034320602195648301
 0.0034431458202018699
 0.0034542713036670998
 0.0034654352430149001
 0.00347663763824418
 0.0034878784893553499
 0.0034991577963502901
 0.00351047555923235
 0.0035218991698250401
 0.0035333772093179799
 0.00354489771768479
 0.0035564606949254501
 0.0035680661410401001
 0.0035797140560289999
 0.0035914044398926001
 0.0036031524389856999
 0.0036149517133562902
 0.0036267928010202599
 0.0036386757019758699
 0.0036506004162227398
 0.0036625669437618199
 0.0036745752845954299
 0.0036866590158431498
 0.0036988392385132302
 0.0037110647892160701
 0.0037233356679511201
 0.0037356518747182501
 0.0037480134095177501
 0.0037604202723503198
 0.00377287694750326
 0.0037854016360950701
 0.0037979713404196901
 0.00381058606047462
 0.00382324579625884
 0.0038359505477727801
 0.00384870031501834
 0.0038614950979988598
 0.0038744223712129
 0.0038874043102166901
 0.0039004351164159999
 0.0039135147898105103
 0.00392664333040033
 0.0039398207381860402
 0.0039530470131686497
 0.0039663429321369799
 0.0039796959542148401
 0.0039930975148791698
 0.0040065476141280696
 0.0040200462519613001
 0.0040335934283801901
 0.0040471891433876998
 0.0040608815622158899
 0.0040746773328811398
 0.0040885257361346098
 0.0041024267719756797
 0.0041163804404042697
 0.0041303867414207596
 0.0041444456750260603
 0.0041585653571564896
 0.00417276125787709
 0.0041870095063864599
 0.0042013101026817197
 0.0042156630467617504
 0.0042300683386272703
 0.0042445259782807896
 0.00425903887782084
 0.0042737104605627104
 0.0042884388642136801
 0.0043032240887728697
 0.0043180661342398898
 0.0043329650006149701
 0.0043479206878988498
 0.0043629331960928098
 0.0043780298630845
 0.0043931899407929596
 0.0044084065620395903
 0.0044236797268222697
 0.0044390094351408399
 0.0044543956869971804
 0.0044698384823951397
 0.0044854047548022399
 0.0045010813128312996
 0.0045168192083088598
 0.0045326184412342501
 0.0045484790116074097
 0.00456440091942888
 0.0045803841646998196
 0.0045964415583099197
 0.0046125844375718298
 0.0046287884269344002
 0.0046450535263942204
 0.0046613797359501604
 0.0046777670556032696
 0.0046942154853568804
 0.0047107397535615797
 0.0047274382936570401
 0.0047442031604785599
 0.0047610343540251104
 0.0047779318742963203
 0.0047948957212925001
 0.00481192589501463
 0.0048290223954643397
 0.0048462207402450597
 0.0048634896470593596
 0.0048808247411485702
 0.00489822602251029
 0.00491569349114457
 0.0049332271470539403
 0.0049508269902434204
 0.0049685835301286497
 0.00498645686939199
 0.0050044019755654603
 0.0050224188486483103
 0.0050405074886405504
 0.0050586678955428996
 0.0050769000693568801
 0.0050952228863787499
 0.0051136418861633401
 0.0051321326246803901
 0.0051506951019258899
 0.0051693293178987198
 0.0051880352726005998
 0.0052068129660360904
 0.0052256934961870203
 0.0052447669276626304
 0.0052639172124708204
 0.0052831443506105901
 0.0053024483420816299
 0.0053218291868844204
 0.0053412868850202001
 0.0053608214364909198
 0.0053804781165487101
 0.0054002154482333097
 0.0054200315879368698
 0.0054399265356565004
 0.0054599002913923696
 0.0054799528551476998
 0.0055000842269287602
 0.0055204089959966602
 0.0055408626112443899
 0.0055613992594532998
 0.0055820189406222799
 0.0056027216547512798
 0.0056235074018413699
 0.0056443761818946604
 0.0056653517475006802
 0.0056864396732579803
 0.00570761310620651
 0.0057288720463414501
 0.0057502164936613599
 0.0057716464481681702
 0.0057931619098671398
 0.0058148001890523
 0.00583666306276172
 0.0058586160131063004
 0.0058806590400842197
 0.0059027921436948204
 0.0059250153239386897
 0.0059473285808175997
 0.0059697319143345298
 0.0059922798344069
 0.0060149225046160397
 0.0060376580829512201
 0.0060604865694089604
 0.00608340796398954
 0.0061064222666969903
 0.0061295294775391002
 0.0061528659163958103
 0.0061763530146712398
 0.0061999379546097497
 0.0062236207362099203
 0.0062474013594717402
 0.00627127982439656
 0.0062952561309871499
 0.0063193582322396196
 0.0063435924680044298
 0.0063679282666894996
 0.0063923656282893404
 0.00641690455280237
 0.0064415450402308698
 0.0064662870905809796
 0.0064911771733942303
 0.0065163338171365303
 0.0065415944752578803
 0.0065669591477561396
 0.0065924278346306099
 0.00661800053588198
 0.00664367725151242
 0.0066694579815255303
 0.0066954095403658704
 0.0067214755253872599
 0.0067476541942509804
 0.0067739455469528701
 0.0068003495834931304
 0.0068268663038762098
 0.0068534957081108697
 0.0068803993514363702
 0.0069074772569842199
 0.0069346680234380403
 0.0069619716507956404
 0.0069893881390567696
 0.0070169174882232102
 0.0070445596982987597
 0.0070723494532439002
 0.00710029754184467
 0.0071283683971789403
 0.0071565620192398397
 0.0071848784080252399
 0.0072133175635377697
 0.0072418794857848703
 0.0072706194279860501
 0.0072996696218006899
 0.00732884277405147
 0.0073581388847348403
 0.0073875579538494399
 0.0074170999813961804
 0.0074467649673781401
 0.0074765529118006897
 0.0075065443375155801
 0.0075366712348174398
 0.0075669320179082601
 0.007597326686783
 0.0076278552414419396
 0.0076585176818907202
 0.0076893140081403296
 0.0077204377200397597
 0.0077517666484610203
 0.0077832295842045502
 0.0078148265272675304
 0.0078465574776497207
 0.0078784224353534004
 0.0079104214003833002
 0.0079425962539255695
 0.0079749589271062293
 0.0080074676169577409
 0.0080401223234713593
 0.0080729230466444601
 0.0081058697864805004
 0.0081389625429890491
 0.0081722689613576809
 0.0082059428234310099
 0.0082397629982626005
 0.00827372948584814
 0.0083078422861859597
 0.0083421013992772807
 0.0083765068251259595
 0.0084110585637387006
 0.0084458531916346506
 0.0084808087973930607
 0.0085159239343219704
 0.0085511986024150305
 0.0085866328016726799
 0.0086222265321022097
 0.0086579797937178307
 0.0086941243251999895
 0.0087305125240165708
 0.0087670605458699605
 0.0088037683907567499
 0.0088406360586767204
 0.0088776635496326996
 0.0089148508636306707
 0.0089522479781272007
 0.00898986899751213
 0.0090276644690541301
 0.0090656343927422393
 0.0091037787685730506
 0.0091420975965509407
 0.0091805908766879104
 0.0092193395474868892
 0.0092585272936967604
 0.00929788968175016
 0.0093374267116414899
 0.0093771383833686807
 0.0094170246969331895
 0.0094570856523399603
 0.0094973212495974794
 0.0095378468066708005
 0.0095785649622330306
 0.0096194740087699598
 0.0096605739462735304
 0.0097018647747442906
 0.00974334649419158
 0.0097850191046333808
 0.0098271598717894898
 0.0098695920685185901
 0.0099122154459728995
 0.0099550300041481507
 0.0099980357430440505
 0.0100412326626644
 0.010084620763016999
 0.010128259520095001
 0.010172166617149101
 0.0102162835629335
 0.0102606103574361
 0.0103051470006531
 0.010349893492588099
 0.0103948498332528
 0.010440110259901899
 0.0104858883683968
 0.010531876516716001
 0.010578074704851699
 0.0106244829328004
 0.0106711012005629
 0.010717929508144699
 0.0107649678555555
 0.010812343213236901
 0.010859953354357001
 0.010907796455746801
 0.0109558725173933
 0.0110041815392962
 0.011052723521468501
 0.011101498463935801
 0.011150841766610299
 0.0112005325967134
 0.0112504487119711
 0.011300590112375501
 0.011350956797925501
 0.011401548768627
 0.0114523660244925
 0.0115034792875392
 0.011554915467304701
 0.011606607112431401
 0.011658554222898999
 0.011710756798701099
 0.011763214839844899
 0.011815928346351701
 0.0118690156571558
 0.0119227392305368
 0.011976709679172399
 0.0120309270030497
 0.012085391202163299
 0.0121401022765161
 0.0121950602261183
 0.0122502650509882
 0.012305883800636399
 0.012361785411605
 0.012417967535014399
 0.0124744301708493
 0.0125311733191105
 0.012588196979814
 0.012645501152991999
 0.012703490538883901
 0.0127618985752071
 0.0128205778739346
 0.012879528435055999
 0.012938750258570299
 0.0129982433444849
 0.013058007692816599
 0.0131181278300063
 0.0131786374200135
 0.0132394564341584
 0.013300584872419099
 0.013362022734787401
 0.0134237700212698
 0.013485826731887
 0.0135483313164734
 0.0136115904292057
 0.013675148854193599
 0.0137390065914186
 0.013803163640872401
 0.013867620002556501
 0.013932375676482501
 0.013997430662672099
 0.0140629711306132
 0.0141288567239527
 0.0141950857873227
 0.0142616583206993
 0.014328574324082299
 0.014395833797494401
 0.014463436740981699
 0.0145318812324499
 0.014600821217706001
 0.014670083839314599
 0.014739669097259
 0.0148095769915365
 0.014879807522158801
 0.014950360689151201
 0.0150213406853534
 0.015092788570499199
 0.0151646141468213
 0.015236817414283
 0.015309398372872599
 0.0153823570226032
 0.0154556933635127
 0.0155295975659326
 0.0156044178680078
 0.015679592573857499
 0.015755121683455001
 0.015831005196789399
 0.0159072431138657
 0.015983835434704999
 0.0160607845581314
 0.0161383315620225
 0.016216294309421699
 0.016294672800273399
 0.016373467034550601
 0.016452677012254301
 0.0165323027334137
 0.016612344198086298
 0.016693423408752999
 0.016775085191640501
 0.016857137008773299
 0.016939578860129999
 0.017022410745707602
 0.017105632665521099
 0.0171892446196036
 0.017273379469937001
 0.017358077695338099
 0.017443233703787
 0.0175288474952374
 0.0176149190696748
 0.017701448427116701
 0.017788435567612299
 0.0178761294993845
 0.017964912998787101
 0.018054125940463302
 0.018143768324379399
 0.0182338401505216
 0.018324341418897001
 0.018415272129532999
 0.018506640749059899
 0.018598730954332801
 0.018691325203750699
 0.018784423497243699
 0.018878025834777899
 0.018972132216355599
 0.019066742642014502
 0.019161857111828901
 0.019258249500990102
 0.019355326754082001
 0.019452876841317999
 0.0195508997626717
 0.019649395518139601
 0.019748364107741299
 0.019847805531519502
 0.019947887819836401
 0.020048647754791
 0.0201499626063502
 0.0202518323744557
 0.020354257059090299
 0.020457236660277201
 0.020560771178080299
 0.020665185844582101
 0.0207708988905571
 0.0208771327787819
 0.020983887509214202
 0.021091163081837699
 0.021198959496661798
 0.0213072767537218
 0.0214161318675293
 0.0215258568666944
 0.021636193223098701
 0.021747140936654499
 0.021858700007319699
 0.021970870435097999
 0.022083652220038798
 0.022197045362236899
 0.022312012117626501
 0.022427783724671701
 0.022544128990701202
 0.0226610479156816
 0.022778540499609898
 0.022896606742512499
 0.023015246644446
 0.023134669419851001
 0.023254907366556301
 0.023375820998977202
 0.023497410317051999
 0.023619675320760099
 0.023742616010123702
 0.023866232385205698
 0.023990942564789799
 0.024117188477244499
 0.024244062559008399
 0.024371564810017801
 0.024499695230246799
 0.0246284538197073
 0.024757840578448799
 0.0248879115577674
 0.025019020190782601
 0.025150869257436901
 0.025283458757640199
 0.025416788691352599
 0.025550859058585
 0.025685669859398699
 0.025821221093905701
 0.025958870900682201
 0.026097271824583001
 0.0262363661370369
 0.026376153838011899
 0.026516634927510201
 0.0266578094055668
 0.0267996772722509
 0.026942608043765099
 0.0270864430072046
 0.027231091207641198
 0.027376552645008202
 0.027522827319295999
 0.027669915230552899
 0.0278178163788842
 0.027967469372497299
 0.028118518758535199
 0.0282703296022132
 0.0284229019034823
 0.028576235662331001
 0.028730330878785001
 0.028885187552908299
 0.029041014931428698
 0.029197984648379902
 0.029355846435650899
 0.0295146002931445
 0.0296742462208275
 0.0298347842187301
 0.029996214286946699
 0.0301589520615816
 0.030323855604706702
 0.030489594498716702
 0.030656168743541001
 0.030823578339151499
 0.030991823285562499
 0.031160903582830801
 0.031330848185890402
 0.031502160914117602
 0.031674477445994997
 0.031847797781362798
 0.032022121920162301
 0.032197449862436098
 0.032373781608327698
 0.032551117158081899
 0.032731764295845497
 0.032913183954141403
 0.033095032093205502
 0.0332773087129591
 0.033460013815443598
 0.033643147404820099
 0.033826709487369801
 0.034014591160490597
 0.034204561522765298
 0.034394969099203601
 0.034585813883856502
 0.034777095875002398
 0.0349688150751465
 0.035160971491020897
 0.035356474720686003
 0.035555085100831198
 0.035754142298733298
 0.035953646307816098
 0.036153597125736202
 0.036353994754383397
 0.036554839199880299
 0.036758133851958502
 0.036965736250791303
 0.037173806504321102
 0.037382344604909398
 0.037591350549324803
 0.0378008243387426
 0.038010765978745399
 0.038222166938009797
 0.038439148443417302
 0.038656617829189298
 0.038874575086549699
 0.039093020211307901
 0.039311953203859003
 0.039531374069183403
 0.039751282816847401
 0.039977920833256297
 0.040205174927442203
 0.040432937461787603
 0.040661208431083701
 0.040889987834874998
 0.041119275677460702
 0.041349071967893697
 0.041584665097684402
 0.041822086390410101
 0.042060043668522
 0.042298536925783503
 0.042537566160833901
 0.042777131377188603
 0.043017232583238398
 0.043262141816053999
 0.043510175429996099
 0.043758757054688201
 0.044007886682797301
 0.044257564312020298
 0.044507789945084301
 0.044758563589746697
 0.045013143076150598
 0.045272306297776697
 0.045531954002936199
 0.045792086183328203
 0.046052702836026499
 0.0463138039634787
 0.0465753895735075
 0.046841595082991003
 0.047111546152311001
 0.047382026610228598
 0.047653036449123297
 0.047924575666934303
 0.048196644267161498
 0.048469242258864002
 0.048747534636506197
 0.049028813385244403
 0.049310648367223597
 0.049593039575328103
 0.049875987008084002
 0.050159490669659398
 0.050443550569864201
 0.050734365149305002
 0.0510273219943835
 0.051320849032238797
 0.051614946256375902
 0.051909613665956297
 0.052204851265798102
 0.052500659066376201
 0.052804317945117502
 0.053109233806850398
 0.053414734643825297
 0.053720820450225797
 0.054027491225895799
 0.054334746976340498
 0.054642857019214099
 0.054959374468196501
 0.055276493945314698
 0.055594215439812002
 0.055912538946536999
 0.056231464465944903
 0.056550992004096003
 0.056872359074531503
 0.057201281741658699
 0.057530818275407902
 0.057860968665904698
 0.058191732908746401
 0.058523111005001703
 0.058855102961211103
 0.059189925156263701
 0.059531387997661701
 0.059873475252816603
 0.060216186912801603
 0.0605595229739593
 0.060903483437902299
 0.061248068311512797
 0.061596463105438898
 0.061950532542614803
 0.062305232206230098
 0.062660562088386607
 0.063016522186175497
 0.063373112501676404
 0.063730333041958603
 0.064092301217111597
 0.064458939672153201
 0.064826211060516906
 0.065194115375378003
 0.065562652614539405
 0.065931822780431304
 0.066301625880110404
 0.066677037061690494
 0.067056093445701098
 0.067435780888361593
 0.067816099383951695
 0.068197048930926998
 0.068578629531918303
 0.0689608411937324
 0.069349397746192198
 0.069740578255162403
 0.070132380661147894
 0.070524804959534004
 0.070917851149348399
 0.071311519233261206
 0.071705809217584598
 0.072107002393493699
 0.072509838569940893
 0.072913281634881394
 0.073317331584757006
 0.073721988419046799
 0.074127252140266706
 0.074533122753969602
 0.074946203826996002
 0.075360027334740301
 0.075774433493094304
 0.076189422299483098
 0.076604993753704706
 0.077021147857931696
 0.0774384553039804
 0.077861810080819396
 0.078285717924943293
 0.078710178832910205
 0.0791351928030012
 0.079560759835219999
 0.0799868799312934
 0.080414650907215598
 0.080846981428767506
 0.081279750523160194
 0.081712958187651702
 0.082146604420961195
 0.082580689223267598
 0.083015212596211196
 0.083451617392542393
 0.083891457867434099
 0.084331840262058602
 0.084772764575929097
 0.085214230808708699
 0.085656238960211795
 0.086098789030402703
 0.086541881019396596
 0.086987209325277107
 0.087433812403439504
 0.087880591070964298
 0.088327545327812396
 0.088774675173950907
 0.089221980609354296
 0.089669461634003397
 0.090117118247886999
 0.090566869000548195
 0.091016795659202801
 0.091466709155145001
 0.091916609488376502
 0.092366496658905894
 0.092816370666748901
 0.093266231511928199
 0.093715859803555596
 0.094164701093203601
 0.094613650948313199
 0.095062709368816098
 0.095511876354681099
 0.095961151905914199
 0.096410536022558196
 0.096860028704692694
 0.097307231632106306
 0.0977520142252747
 0.098196762417479794
 0.098641476208679399
 0.099086155598842304
 0.099530800587945806
 0.099975411175978093
 0.100419987362936
 0.100856506822982
 0.10129114536171099
 0.101726077354877
 0.102161302802492
 0.102596821704577
 0.10303263406117
 0.103468739872315
 0.103903726736039
 0.10432294949922501
 0.104742286090252
 0.10516173650888699
 0.105581300755204
 0.10600097882958801
 0.106420770732728
 0.10684067646562299
 0.107254087371828
 0.107656069677053
 0.108057522691121
 0.108458446410996
 0.10885884083502601
 0.109258705962932
 0.10965804179581599
 0.110056848336157
 0.11043998633436899
 0.110815029482801
 0.111189614962814
 0.111563742773333
 0.111937412913603
 0.112310625383194
 0.112683380181994
 0.113055677310214
 0.11340275751512301
 0.113749749873871
 0.11409780200302699
 0.1144451316575
 0.114777111234395
 0.11510858621101
 0.115439556582382
 0.115765695203709
 0.11607816753273199
 0.116389982585913
 0.116701140359736
 0.11700425440736199
 0.117295378558344
 0.117585837292963
 0.117875630609967
 0.118153587313455
 0.11842144535857101
 0.118688713431007
 0.118955391540938
 0.119211110042619
 0.119459912355617
 0.119706236120989
 0.119950081370425
 0.12016751972940699
 0.12038278939316301
 0.12060117232156201
 0.12082266852346001
 0.121017587953381
 0.121211438765209
 0.12140483627911
 0.121595137939293
 0.12176374570613401
 0.121927206523902
 0.12208552039104401
 0.122236535452753
 0.12237814124223199
 0.12251703422387
 0.12265321439806499
 0.122776939487895
 0.122885094037334
 0.12299167156997801
 0.12309667208677399
 0.12318578345626301
 0.12326340686475901
 0.12334103373937701
 0.123418664093074
 0.12347129625235
 0.12351542250559799
 0.123561654586405
 0.12360999248898399
 0.123628596283367
 0.12364321889650599
 0.12365924997090801
 0.12367668950866
 0.123661118955621
 0.123641245870574
 0.12361707025337899
 0.1235885921039
 0.123555811422004
 0.123518728207564
 0.123477342460454
 0.123410628332649
 0.123334781438663
 0.123260727112463
 0.123188150892903
 0.12309677505267599
 0.122999909473805
 0.122897554128128
 0.122781171048024
 0.122645655280301
 0.12250713567376199
 0.12236561222756299
 0.122221084941082
 0.12207355381392
 0.121923018845901
 0.12176841473852699
 0.121582664665463
 0.12139376809739701
 0.121201725032935
 0.121006535471435
 0.120808199413002
 0.120606716858492
 0.12040208780951001
 0.120173133859826
 0.119933288887611
 0.119691089953065
 0.119446537055534
 0.119199630194724
 0.118950369370698
 0.11869875458387701
 0.11843459736715201
 0.11815229370716999
 0.117867435188937
 0.117580021811763
 0.117290053575348
 0.11699753047978199
 0.11670245252554801
 0.116403134066105
 0.116080566463027
 0.11575669151805699
 0.11543150923017
 0.115105019598645
 0.114777222623061
 0.114448118303298
 0.114117706639539
 0.113764721538756
 0.113403726608179
 0.11304177966256899
 0.112678880701681
 0.112315029725586
 0.11195022673468
 0.11158447172967501
 0.11121034176571
 0.110824872779803
 0.11043763957970799
 0.11004864216495901
 0.10965788053526999
 0.109265354690529
 0.108871064630799
 0.10847358921216201
 0.10806359720138101
 0.10765324946138601
 0.107242545992506
 0.106831486795436
 0.106420071871243
 0.106008301221363
 0.105596174847601
 0.105171196224044
 0.104742882756978
 0.104314629259691
 0.103886435725382
 0.10345830215160801
 0.103030228540282
 0.102602214897672
 0.102168815046978
 0.101729225345327
 0.10128963543632601
 0.100850045315123
 0.100410454979331
 0.099970864429035702
 0.099531273666787295
 0.099090571198392
 0.098643445893092402
 0.098196433985531198
 0.0977495354728352
 0.097302750353294706
 0.096856078626362294
 0.096409520292653206
 0.095963075353945396
 0.095513363323275396
 0.095063108030095503
 0.094613031683335
 0.094163134282233302
 0.093713415826469998
 0.093263876316164895
 0.092814515751878296
 0.092365543261729105
 0.091916680569833195
 0.091467631157486004
 0.091018395024274001
 0.090568972170093201
 0.090119362595148703
 0.089669566299955997
 0.089220327125243096
 0.088774357015290295
 0.088328421956075695
 0.087882521947388895
 0.0874366569890698
 0.086990827081011496
 0.086545032223157806
 0.086099272415505301
 0.0856569590455874
 0.085215755693423198
 0.084775153960273797
 0.0843351538461376
 0.083895755351013193
 0.083456958474900395
 0.083018763217798497
 0.082582998642457106
 0.0821490569784976
 0.081715671457762595
 0.081282842080326906
 0.080850568846273493
 0.080418851755692397
 0.079987690808682094
 0.079559065954788205
 0.079135091422888798
 0.078711602822983201
 0.078288600152720697
 0.077866083411314693
 0.077444052599543997
 0.077022507719751596
 0.076601831468239498
 0.076188326256336994
 0.075775367652840694
 0.075362955652813701
 0.074951090253855907
 0.074539771456104506
 0.074128999262233999
 0.073718773677455898
 0.073315208610485294
 0.072913862566089296
 0.072513064044799805
 0.072112813042458604
 0.071713109558216595
 0.071313953594530605
 0.070915345157166104
 0.070521618818208398
 0.070132508870343696
 0.069743954753323706
 0.069355956461044602
 0.068968513991329305
 0.068581627345928597
 0.068195296530519797
 0.067811692996281106
 0.067435266304714803
 0.067059402945162105
 0.066684102909466497
 0.066309366193917293
 0.065935192799248601
 0.06556158273064
 0.065188535997715902
 0.064824912380825106
 0.064462046100881507
 0.064099737792224706
 0.063737987449368497
 0.063376795071728595
 0.063016160663622298
 0.0626560842342678
 0.062303087990306899
 0.061953323742581799
 0.0616041125438688
 0.061255454386844398
 0.060907349269419798
 0.060559797194738703
 0.060212798171179499
 0.059870412199940298
 0.059533746392890101
 0.059197627718271299
 0.0588620561669147
 0.058527031735136702
 0.058192554424738203
 0.057858624243005002
 0.057526816183127598
 0.057203192946793699
 0.056880093626846998
 0.056557518212700997
 0.056235466698994402
 0.055913939085590697
 0.055592935377578298
 0.055272455585270899
 0.0549612086268133
 0.054651012280536301
 0.054340894228873102
 0.054030854470096701
 0.053720893002933298
 0.0534110098265623
 0.053101204940616299
 0.052798685591531502
 0.0525011947801804
 0.052204716801326698
 0.051909251651274899
 0.051614799328641499
 0.051321359834354499
 0.051028933171653898
 0.050738356327282901
 0.050450270822159297
 0.050163216295757297
 0.049877192748541202
 0.049592200181156898
 0.049308238594433597
 0.0490253079893824
 0.048744092815901703
 0.048470234914817903
 0.0481969577819285
 0.047924261407240397
 0.047652145785625898
 0.047380610916822399
 0.047109656805431999
 0.046839283460922497
 0.046575893180129897
 0.046314147810396798
 0.046052663375044101
 0.045791439871490702
 0.045530477298021503
 0.045269775653788397
 0.045009334938809598
 0.044754233733064003
 0.044503942951708501
 0.044254550437043301
 0.044006056184787597
 0.043758460193351598
 0.043511762463837297
 0.0432659630000388
 0.0430216268172849
 0.042779317159353701
 0.042538185045915403
 0.042298230476964897
 0.042059453452497501
 0.041821853972508503
 0.041585432036993497
 0.041350668258812
 0.041119106235427999
 0.040888824283378401
 0.040659822402550401
 0.040432100592888098
 0.040205658854392499
 0.039980497187121398
 0.039756621794978103
 0.039534303729835997
 0.039313104626920101
 0.039093024486146398
 0.0388740633074659
 0.038656221090865001
 0.038439497836364897
 0.0382238935440221
 0.038011231943939801
 0.037800083684751802
 0.037590097833754998
 0.037381274390856402
 0.037173613356025301
 0.036967114729293898
 0.036761778510756703
 0.0365579989032968
 0.0363554498005546
 0.0361538975594611
 0.035953342179958998
 0.035753783662026799
 0.035555222005679003
 0.035357657210965697
 0.035162058231784102
 0.034968570156177298
 0.034776153663004503
 0.034584808752177801
 0.034394535423659403
 0.034205333677461799
 0.034017203513647599
 0.033830316915833401
 0.033644803265614399
 0.033460201684866603
 0.033276512173527298
 0.033093734731565003
 0.032911869358980501
 0.0327309160558064
 0.032551094364782401
 0.032373857358405402
 0.032197600565148803
 0.032022323984913899
 0.031848027617648697
 0.0316747114633475
 0.031502375522050603
 0.031331019793844901
 0.031161096280040101
 0.030992039705724599
 0.0308238160382939
 0.030656425277709402
 0.030489867423961599
 0.030324142477069101
 0.030159250437079
 0.0299964930370046
 0.029835036755640001
 0.0296744757459485
 0.0295148100078674
 0.029356039541376101
 0.029198164346496299
 0.0290411844232914
 0.028885366176106299
 0.0287305295296435
 0.0285764524451361
 0.028423134922541001
 0.028270576961839902
 0.028118778563040299
 0.027967739726174799
 0.027818080975262598
 0.027670153890864101
 0.027523042967684701
 0.027376748205653799
 0.027231269604739001
 0.027086607164945799
 0.026942760886317699
 0.026799828183257299
 0.0266579812470982
 0.026516825730393202
 0.026376361633095299
 0.026236588955180301
 0.026097507696646802
 0.025959117857515701
 0.025821475789357499
 0.025685899835909999
 0.0255510670491301
 0.025416977428943499
 0.025283630975309199
 0.025151027688219502
 0.025019167567699899
 0.024888050613809401
 0.024757994786099399
 0.024628624830147799
 0.0244998809966465
 0.024371763285560299
 0.024244271696880999
 0.024117406230627199
 0.0239911668868447
 0.023866443691171701
 0.0237428076152865
 0.0236198494485549
 0.023497569190935701
 0.023375966842415
 0.023255042403006
 0.023134795872749501
 0.023015376882369799
 0.022896753248157299
 0.022778701506421601
 0.022661221657122799
 0.022544313700241899
 0.0224279776357806
 0.022312213463761599
 0.022197247786332398
 0.0220838366232258
 0.021971038537349701
 0.0218588535286381
 0.021747281597056099
 0.0216363227426008
 0.021525976965300699
 0.021416244265215999
 0.021307403830823701
 0.0211991007831017
 0.021091316848972599
 0.020984052028411401
 0.020877306321411299
 0.020771079727983699
 0.020665372248157801
 0.020560945811055501
 0.020457394308685199
 0.020354399690629899
 0.0202519619568453
 0.020150081107315199
 0.020048757142051201
 0.019947990061093001
 0.0198479112344928
 0.0197484831126572
 0.0196495265148823
 0.019551041441137999
 0.019453027891410499
 0.019355485865701801
 0.019258415364029901
 0.019162023942390801
 0.019066894289730199
 0.018972270254062899
 0.0188781518353375
 0.018784539033527201
 0.018691431848630102
 0.0185988302806692
 0.018506734329692302
 0.018415377691216098
 0.018324458340451901
 0.018233967226685101
 0.018143904349896399
 0.0180542697100807
 0.0179650633072472
 0.017876285141419
 0.0177885821728333
 0.017701582019011401
 0.0176150410815611
 0.017528959360448199
 0.017443336855660099
 0.017358173567206502
 0.017273469495119102
 0.017189337688718099
 0.0171057364242202
 0.017022524025992001
 0.016939700494010199
 0.016857265828263902
 0.0167752200287552
 0.016693563095498701
 0.0166124835691649
 0.016532429049410401
 0.0164527916126983
 0.016373571258988699
 0.016294767988261301
 0.016216381800514899
 0.016138412695768201
 0.016060860674058999
 0.015983922008380801
 0.0159073393310179
 0.0158311100705706
 0.015755234227024
 0.015679711800374301
 0.0156045427906289
 0.015529727197806299
 0.0154558151385097
 0.0153824678498006
 0.015309499418588699
 0.015236909844847501
 0.0151646991285676
 0.0150928672697568
 0.0150214142684403
 0.014950437483970101
 0.014879894065707101
 0.0148096720385348
 0.0147397714024351
 0.0146701921573998
 0.0146009343034306
 0.0145319978405394
 0.0144635523494577
 0.014395939130026699
 0.0143286706184393
 0.014261746814664701
 0.014195167718687099
 0.014128933330506299
 0.014063043650137301
 0.013997500544939799
 0.013932461603172901
 0.0138677160815936
 0.013803263980182501
 0.0137391052989288
 0.01367524003783
 0.013611668196892201
 0.0135483897761297
 0.0134858773496037
 0.013423817536870801
 0.013362067269270399
 0.0133006265467835
 0.0132394953694036
 0.0131786737371371
 0.0131181616500031
 0.0130580425042977
 0.0129982819719144
 0.012938792210215599
 0.0128795732191878
 0.012820624998824699
 0.0127619475491273
 0.0127035408701037
 0.012645550899248501
 0.0125882422612
 0.012531214636764199
 0.012474468025914599
 0.0124180024286378
 0.012361817844933299
 0.0123059142748133
 0.0122502941347362
 0.012195092415549299
 0.0121401374127004
 0.0120854291261746
 0.0120309675559634
 0.011976752702064501
 0.011922784564482
 0.0118690631432261
 0.0118159729473294
 0.0117632554522026
 0.0117107938872676
 0.0116585882525066
 0.011606638547913301
 0.0115549447734931
 0.011503506929262599
 0.0114523948995272
 0.0114015809630329
 0.0113509918976493
 0.0113006277033661
 0.0112504883801784
 0.011200573928087
 0.011150884347098501
 0.011101540778387899
 0.0110527626027899
 0.0110042177533203
 0.010955906229958399
 0.010907828032693599
 0.0108599831615256
 0.010812371616464299
 0.0107649953907657
 0.010717965215030999
 0.0106711412708309
 0.010624523558154599
 0.010578112076996099
 0.010531906827353599
 0.010485907809230101
 0.0104401150226334
 0.010394851379143
 0.0103498958897104
 0.010305150065745399
 0.0102606139072352
 0.0102162874141749
 0.0101721705865688
 0.010128263424429299
 0.0100846244859094
 0.010041236233853701
 0.0099980391773969602
 0.0099550333165315703
 0.0099122186512538499
 0.0098695951815640399
 0.0098271629074663594
 0.0097850220694503699
 0.0097433493522001702
 0.0097018674970264594
 0.0096605765039112605
 0.0096194763728453501
 0.0095785671038280604
 0.0095378486968674299
 0.0094973228697780698
 0.0094570876302687394
 0.0094170270219473794
 0.0093771410448056092
 0.0093374296988385005
 0.0092978929840446204
 0.0092585309004260194
 0.0092193434479882104
 0.0091805948660950692
 0.0091421016090432808
 0.0091037827983223192
 0.0090656384339202496
 0.0090276685158327593
 0.0089898730440631496
 0.0089522520186223701
 0.0089148549024087708
 0.0088776675883599707
 0.0088406400888170998
 0.0088037724037742203
 0.0087670645332284993
 0.0087305164771802092
 0.0086941282356326893
 0.0086579836396205104
 0.0086222303066417396
 0.0085866365568992107
 0.0085512023903789192
 0.0085159278070736297
 0.0084808128069828806
 0.0084458573901130003
 0.00841106300083121
 0.0083765113424848301
 0.0083421059196640505
 0.0083078467323622306
 0.0082737337805754898
 0.0082397670643026902
 0.0082059465835454693
 0.0081722723383082004
 0.0081389657110838808
 0.0081058728481762602
 0.0080729260411174092
 0.0080401252898979394
 0.0080074705945144507
 0.0079749619549695592
 0.0079425993712719193
 0.0079104246188928997
 0.0078784257389869997
 0.0078465608666052501
 0.0078148300017429097
 0.0077832331443977599
 0.00775177029457006
 0.0077204414522624998
 0.0076893178390310402
 0.0076585216118119801
 0.00762785921794741
 0.0075973306574263601
 0.0075669359302431797
 0.0075366750363975703
 0.0075065479758945498
 0.0074765563416350402
 0.0074467684991992101
 0.0074171036142347902
 0.0073875616867364697
 0.00735814271670118
 0.0073288467041280302
 0.0072996736490183603
 0.0072706235513756903
 0.00724188358825724
 0.0072133216127762204
 0.00718488240632817
 0.0071565659689057197
 0.0071283723005062397
 0.0071003014011318298
 0.0070723532707893397
 0.0070445635622678696
 0.0070169214218947298
 0.0069893920698386701
 0.0069619755060958896
 0.0069346717306646597
 0.0069074807435451696
 0.0068804025447396604
 0.0068534986485638003
 0.0068268692536336698
 0.0068003525288406301
 0.0067739484741760198
 0.0067476570896354299
 0.0067214783752187097
 0.0066954123309299497
 0.00666946070029289
 0.0066436799487956501
 0.0066180032397356202
 0.00659243057310923
 0.0065669619489143504
 0.00654159736715025
 0.0065163368278176297
 0.0064911803309185999
 0.0064662910761402502
 0.0064415498007707201
 0.0064169098164473396
 0.00639237112316394
 0.0063679337209182601
 0.0063435976097119297
 0.0063193627895504296
 0.0062952602192077496
 0.0062712838044676504
 0.0062474053383566597
 0.0062236248208721598
 0.0061999422520128402
 0.00617635763177872
 0.0061528709601710698
 0.0061295348735457902
 0.0061064275752072301
 0.00608341315998767
 0.0060604916278793799
 0.0060376629788783899
 0.0060149272129843999
 0.0059922843302008203
 0.0059697361794282099
 0.0059473328321036798
 0.0059250196198694996
 0.0059027965427227904
 0.00588066360066186
 0.0058586207936861404
 0.00583666812179621
 0.00581480558499384
 0.0057931673522372204
 0.0057716518055289396
 0.0057502217187200503
 0.0057288770918053596
 0.0057076179247829602
 0.0056864442176542398
 0.00566535597042393
 0.0056443801820958697
 0.00562351135712037
 0.0056027256466979498
 0.0055820230508265697
 0.0055614035695052003
 0.0055408672027338797
 0.0055204139505136401
 0.0055000894946564396
 0.0054799581246244098
 0.0054599055375788904
 0.0054399317335137301
 0.00542003671242571
 0.0054002204743146898
 0.0053804830191834596
 0.0053608261948160903
 0.0053412916079960803
 0.0053218339140203201
 0.0053024531128869198
 0.0052831492045947101
 0.0052639221891432096
 0.0052447720665327003
 0.0052256988367641701
 0.0052068188895252896
 0.0051880417127420104
 0.00516933609565603
 0.0051507020382628799
 0.0051321395405608903
 0.0051136486025512001
 0.0050952292242377297
 0.0050769061225374697
 0.0050586738863666603
 0.0050405134817247703
 0.0050224249086104197
 0.0050044081670229199
 0.00498646325696227
 0.0049685901784291301
 0.0049508338673103398
 0.0049332340227251498
 0.0049157002735008204
 0.0048982326196324996
 0.0048808310611176903
 0.00486349559795635
 0.0048462262301507504
 0.0048290274029705003
 0.0048119309803818597
 0.0047949009344968301
 0.0047779372653139101
 0.0047610399728321602
 0.0047442090570513204
 0.0047274445179717002
 0.0047107463555941999
 0.0046942221061761604
 0.00467777359490411
 0.0046613861420663396
 0.0046450597476596599
 0.0046287944116830196
 0.0046125901341375203
 0.0045964469150263903
 0.00458038930383996
 0.0045644060027802899
 0.00454848413466067
 0.0045326236994800298
 0.0045168246972378499
 0.0045010871279341797
 0.0044854109915696203
 0.0044698449042021504
 0.0044544018711444398
 0.0044390153743420696
 0.0044236854137913399
 0.0044084119894904298
 0.0043931951014394496
 0.0043780347496404602
 0.0043629378777570197
 0.0043479254916415
 0.0043329699667075897
 0.0043180713029540999
 0.00430322950038034
 0.0042884445589861098
 0.0042737164787717396
 0.00425904525973805
 0.0042445322246993204
 0.0042300744282081203
 0.0042156689726244997
 0.0042013158579460802
 0.0041870150841721602
 0.0041727666513038204
 0.0041585705593437904
 0.0041444507226770901
 0.0041303917234786804
 0.0041163854427330301
 0.0041024318804393197
 0.00408853103659717
 0.0040746829112066497
 0.0040608875042682903
 0.00404719535836105
 0.0040335997157724297
 0.0040200525368694704
 0.0040065538216492698
 0.0039931035701105096
 0.00397970178225341
 0.0039663484580797596
 0.0039530522930819401
 0.0039398260637071103
 0.0039266486995113998
 0.0039135202004938301
 0.0039004405666538899
 0.0038874097979914499
 0.0038744278945068299
 0.0038615006569699302
 0.0038487059139891699
 0.0038359561361923102
 0.0038232513235761001
 0.0038105914761387698
 0.00379797659387988
 0.0037854066768003899
 0.0037728817249027
 0.0037604249431477401
 0.0037480180717344102
 0.0037356565953700401
 0.0037233405140539798
 0.00371106982778597
 0.0036988445365660899
 0.0036866646403948102
 0.0036745811110829299
 0.00366257281912511
 0.0036506062869795402
 0.0036386815146439099
 0.0036267985021172398
 0.00361495724940001
 0.0036031577564940402
 0.0035914091791681602
 0.0035797181373334601
 0.0035680701920804301
 0.0035564653434091301
 0.0035449035913196498
 0.0035333849358120898
 0.0035219093768865599
 0.00351048472912306
 0.00349914634433449
 0.0034878514759691401
 0.0034766001240231501
 0.0034653922884939001
 0.00345422796938006
 0.0034431071666815999
 0.0034320301483463898
 0.0034209996788932299
 0.0034100100961439801
 0.00339906140009492
 0.00338815359074391
 0.0033772866680902899
 0.0033664606321349498
 0.0033556754828803401
 0.0033450019057409
 0.0033343659757018702
 0.0033237646406652898
 0.0033131979006280499
 0.0033026657555895599
 0.00329216820555171
 0.00328170525051894
 0.0032712926102979102
 0.0032609203072236702
 0.00325058609178461
 0.0032402899639793598
 0.0032300319238074901
 0.00321981197126955
 0.0032096301063670499
 0.00319953968110075
 0.0031894984456269501
 0.0031794894620941002
 0.00316951273049884
 0.00315956825084017
 0.0031496560231193799
 0.0031397760473400498
 0.00312993942797793
 0.00312014328564227
 0.0031103826836025002
 0.00310065762185721
 0.0030909681004058602
 0.0030813141192487601
 0.00307169567838713
 0.0030621502149256099
 0.0030526639364065098
 0.0030432077425917902
 0.0030337816334779998
 0.0030243856090638099
 0.0030150196693499698
 0.0030056838143393502
 0.0029963853121994098
 0.0029871271487611601
 0.0029779021141049899
 0.00296871020822946
 0.0029595514311339202
 0.0029504257828185201
 0.0029413332632842099
 0.00293229726846454
 0.0029233292637352499
 0.0029143893266553099
 0.0029054774572212102
 0.00289659365543139
 0.0028877379212861802
 0.0028789102547877999
 0.0028701145978277101
 0.00286135890364194
 0.0028526341777362499
 0.0028439404201091902
 0.0028352776307600199
 0.0028266458096887302
 0.0028180449568960299
 0.0028094858011743998
 0.00280100202578052
 0.0027925444699508201
 0.0027841131336817601
 0.00277570801697157
 0.00276732911982021
 0.0027589764422293701
 0.0027506511211235502
 0.0027423652461228002
 0.0027341083074121698
 0.0027258803049902002
 0.0027176812388560599
 0.0027095111090096298
 0.0027013699154514602
 0.0026932576581827502
 0.00268522624841589
 0.0026772198278752499
 0.00266923792422398
 0.00266128053746015
 0.0026533476675834299
 0.0026454393145950699
 0.00263755547849786
 0.0026297078580197102
 0.0026218885489820301
 0.0026140963054510401
 0.0026063311274258801
 0.0025985930149063198
 0.0025908819678927102
 0.0025831979863860498
 0.00257558053871454
 0.0025679964807465701
 0.0025604353789388601
 0.00255289723328925
 0.0025453820437972602
 0.0025378898104641201
 0.00253042053329278
 0.00252298073024587
 0.00251557000566232
 0.0025081861626076001
 0.0025008292010819701
 0.0024934991210858299
 0.0024861959226197801
 0.0024789196056845598
 0.0024716951262466901
 0.0024645074783250999
 0.0024573386979289602
 0.0024501887850496701
 0.00244305773968469
 0.0024359455618374998
 0.0024288645703153
 0.0024218136305321799
 0.0024147869915961901
 0.00240778465350729
 0.0024008066162654598
 0.0023938528798707901
 0.0023869451237824501
 0.00238006782886728
 0.0023732106576104398
 0.0023663736100117002
 0.00235955668607099
 0.0023527598857884398
 0.0023459932681116598
 0.0023392529004711399
 0.00233253553168516
 0.0023258411617537301
 0.0023191697906768702
 0.0023125214184545901
 0.0023059191720670598
 0.0022993430102147801
 0.0022927859091963201
 0.0022862478690114599
 0.0022797288896601801
 0.0022732289711426099
 0.0022667588753686801
 0.0022603126745151
 0.00225388828187818
 0.0022474856974579399
 0.0022411049212543799
 0.0022347459532675402
 0.00222843296746665
 0.0022221420512947001
 0.0022158691989256898
 0.0022096144103594599
 0.00220337768559599
 0.0021971590246354102
 0.0021909697776370798
 0.0021848022267862499
 0.0021786553575302401
 0.0021725291698690401
 0.0021664236638026801
 0.00216033883933118
 0.0021542997802923599
 0.0021482791541958899
 0.0021422756352855298
 0.0021362892235611301
 0.0021303199190226899
 0.0021243677216703301
 0.0021184446603241401
 0.0021125412328788298
 0.00210665740114382
 0.0021007931651191298
 0.0020949485248047601
 0.0020891245477303901
 0.0020833439595212499
 0.0020775795863330199
 0.0020718314281654398
 0.0020660994850183901
 0.0020603837568918802
 0.0020546851070996101
 0.0020490134279670001
 0.0020433603795729999
 0.0020377259619176
 0.00203211017500083
 0.0020265130188227001
 0.00202093769588268
 0.00201540109904195
 0.0020098798582313098
 0.0020043739734505401
 0.0019988834446995202
 0.0019934082719782601
 0.0019879502704855602
 0.0019825176238276901
 0.0019771023806072498
 0.0019717045408242499
 0.0019663241044786798
 0.00196096107157055
 0.00195562073739244
 0.00195031555564871
 0.0019450250977730401
 0.0019397493637654699
 0.0019344883536260001
 0.0019292420673546701
 0.00192401453514367
 0.0019188110877746899
 0.0019136188453505901
 0.00190843780786645
 0.00190326797532029
 0.0018981093477131799
 0.00189298228007166
 0.0018879128797898001
 0.0018828537520282299
 0.0018778048967813101
 0.0018727663140483001
 0.0018677380038333001
 0.0018627251987867301
 0.00185773550465287
 0.0018527604337962801
 0.0018477999862169499
 0.0018428541619148399
 0.00183792296088994
 0.00183301544441678
 0.0018281365990807899
 0.0018232721247606299
 0.0018184220214561
 0.0018135862891671599
 0.0018087649278939
 0.0018039613193858799
 0.0017991760913414899
 0.0017944046443351101
 0.00178964697836668
 0.0017849030934361601
 0.00178017298954362
 0.0017754670225699799
 0.00177078624449323
 0.0017661192838825299
 0.0017614661407377599
 0.0017568268150588799
 0.0017522013068460101
 0.0017475932602049899
 0.0017430018712482401
 0.0017384236117957599
 0.00173385848184751
 0.00172930648140346
 0.0017247676104636699
 0.0017202534649520601
 0.0017157614384581299
 0.0017112825590609401
 0.00170681682676034
 0.0017023642415563501
 0.00169792480344907
 0.00169350253634537
 0.00168909549271856
 0.00168470094237618
 0.00168031888531815
 0.00167594932154449
 0.0016715922510552399
 0.00166726042144545
 0.00166294792804087
 0.0016586479368404
 0.00165436044784394
 0.0016500854610514799
 0.00164582297646315
 0.00164157740035167
 0.00163734573967036
 0.0016331259623867699
 0.00162891806850085
 0.00162472205801261
 0.0016205379309221001
 0.00161637949510689
 0.0016122378608107201
 0.0016081081346121799
 0.0016039903165111901
 0.00159988440650775
 0.0015957904046019801
 0.00159171295378137
 0.00158764818880513
 0.00158359475074064
 0.00157955263958786
 0.00157552185534678
 0.0015715023980174801
 0.0015675090527928199
 0.00156353016273636
 0.0015595626020934699
 0.0015556063708640599
 0.0015516614690481499
 0.00154772789664586
 0.0015438106083607999
 0.0015399049552886001
 0.0015360101603641701
 0.0015321262235874699
 0.00152825314495854
 0.0015243909244774499
 0.00152055459964331
 0.00151673039925497
 0.00151291687781633
 0.00150911403532904
 0.0015053218717964399
 0.0015015403872236099
 0.00149778256566538
 0.0014940307605428699
 0.0014902842623812
 0.0014865430712983701
 0.0014828071874471
 0.0014790766110148799


